2 41 220000000	7489896019	34.0449819045	283.9106719493866
2 42 218000000	7626348879	34.9832517385	287.46332597732544
2 43 141000000	5065124287	35.9228672837	191.10947608947754
2 44 57000000	2101489341	36.8682340526	298.92097783088684
2 45 154000000	5822414784	37.8078882078	217.64680814743042
2 46 106000000	4107629333	38.7512201226	154.63799405097961
2 47 203000000	8057934260	39.6942574384	298.9156610965729
2 48 97000000	3942084018	40.6400414227	142.74044704437256
2 49 238000000	9897313481	41.5853507605	368.52934098243713
2 50 116000000	4933942727	42.5339890259	182.96215105056763
2 51 117000000	5087344735	43.4815789316	191.16405487060547
2 52 156000000	6931217894	44.4308839359	259.75091099739075
2 53 116000000	5264023334	45.3795115000	197.7299120426178
2 54 95000000	4401603314	46.3326664632	164.7516438961029
2 55 256000000	12104819000	47.2844492187	445.2841441631317
2 56 180000000	8682655146	48.2369730333	318.2001769542694
2 57 244000000	12002154644	49.1891583770	437.104120016098
2 58 96000000	4814077247	50.1466379896	176.2308259010315
2 59 239000000	12212716870	51.0992337657	446.3884370326996
2 60 106000000	5517968213	52.0563038962	199.2423801422119
2 61 53000000	2809620068	53.0116993962	101.91148495674133
2 62 69000000	3723849468	53.9688328696	134.59295892715454
2 63 226000000	12413279175	54.9260140487	446.5296289920807
2 64 62000000	3464833602	55.8844129355	123.89159798622131
2 65 255000000	14495382106	56.8446357098	520.2111420631409
2 66 53000000	3063440877	57.8007712642	110.05355191230774
2 67 207000000	12163149237	58.7591750580	433.6912190914154
2 68 287000000	17138657983	59.7165783380	609.3409690856934
2 69 56000000	3398304950	60.6840169643	120.42316579818726
2 70 167000000	10293974886	61.6405681796	364.5654170513153
2 71 90000000	5634617931	62.6068659000	200.647469997406
2 72 229000000	14556378970	63.5649736681	514.9471271038055
2 73 88000000	5678587152	64.5293994545	202.92087817192078
2 74 106000000	6942524079	65.4955101792	245.0652391910553
2 75 251000000	16681335833	66.4595053108	583.8750948905945
2 76 74000000	4989202241	67.4216519054	176.41563510894775
2 77 101000000	6907500630	68.3910953465	242.61136412620544
2 78 43000000	2982278650	69.3553174419	104.26139903068542
2 79 212000000	14908384381	70.3225678349	518.4278399944305
2 80 224000000	15968269859	71.2869190134	552.1309218406677
2 81 305000000	22038425602	72.2571331213	768.1305978298187
2 82 182000000	13326600893	73.2230818297	459.14436411857605
2 83 199000000	14764232766	74.1921244523	513.0742409229279
2 84 342000000	25703870610	75.1575164035	888.6913819313049
2 85 313000000	23827831631	76.1272576070	817.1129331588745
2 86 244000000	18811414145	77.0959596107	643.9332220554352
2 87 163000000	12724865668	78.0666605399	432.3189899921417
2 88 171000000	13514878679	79.0343782398	462.6179280281067
2 89 216000000	17280323878	80.0014994352	590.125617980957
2 90 144000000	11660229949	80.9738190903	395.8862919807434
2 91 308000000	25239018896	81.9448665455	853.3360619544983
2 92 81000000	6716163031	82.9155929753	229.055979013443
2 93 201000000	16860853175	83.8848416667	572.7629489898682
2 94 426000000	36149366802	84.8576685493	1099.3745160102844
2 95 495000000	42485296885	85.8288825960	1212.403519153595
2 96 36000000	3124782549	86.7995152500	106.03236889839172
2 97 184000000	16150006012	87.7717718043	538.5772008895874
2 98 221000000	19612474895	88.7442302941	638.145534992218
2 99 100000000	8972158455	89.7215845500	302.80162596702576
2 100 117000000	10610733293	90.6900281453	325.04630494117737
2 101 120000000	10999582805	91.6631900417	614.76411485672
2 102 150000000	13895558289	92.6370552600	614.7627160549164
2 103 144000000	13480022218	93.6112654028	450.32528710365295
2 104 197000000	18633308651	94.5853231015	614.7651600837708
2 105 126000000	12040757554	95.5615678889	401.1159930229187
2 106 255000000	24615407294	96.5310089961	799.7418229579926
2 107 80000000	7801027015	97.5128376875	264.0421631336212
2 108 99000000	9750069704	98.4855525657	314.2425630092621
2 109 192000000	19095438605	99.4554094010	590.1465120315552
2 110 68000000	6829723691	100.4371131029	212.5530710220337
2 111 74000000	7504264021	101.4089732568	243.4330930709839
2 112 88000000	9009727243	102.3832641250	283.8900020122528
2 113 40000000	4134385880	103.3596470000	135.13073301315308
2 114 227000000	23683706935	104.3335107269	696.4489090442657
2 115 168000000	17691924367	105.3090736131	523.9670350551605
2 116 410000000	43577160156	106.2857564780	1060.447853088379
2 117 148000000	15875660576	107.2679768649	451.58848786354065
2 118 142000000	15370376397	108.2420873028	434.50202798843384
2 119 302000000	32983844502	109.2180281523	765.2892580032349
2 120 307000000	33830136019	110.1958827980	798.1686658859253
2 121 43000000	4780420612	111.1725723721	129.63390398025513
2 122 81000000	9083981645	112.1479215432	195.30236792564392
2 123 158000000	17874297112	113.1284627342	389.50531697273254
2 124 454000000	51804081839	114.1059071344	1080.2405288219452
2 125 176000000	20254621268	115.0830753864	429.2941629886627
2 126 449000000	52111601035	116.0614722383	1056.2059738636017
2 127 125000000	14630206793	117.0416543440	296.45313596725464
2 128 294000000	34698018310	118.0204704422	853.9308180809021
2 129 212000000	25227168918	118.9960798019	509.599102973938
2 130 134000000	16077282927	119.9797233358	329.03715205192566
2 131 241000000	29150243843	120.9553686432	587.8917989730835
2 132 264000000	32190145049	121.9323676098	649.2673940658569
2 133 161000000	19789259250	122.9146537267	540.9806711673737
2 134 174000000	21557338381	123.8927493161	433.3507549762726
2 135 312000000	38960175388	124.8723570128	783.9581229686737
2 136 179000000	22527034542	125.8493549832	463.5017890930176
2 137 99000000	12556233138	126.8306377576	252.54113006591797
2 138 65000000	8307742712	127.8114263385	166.8447449207306
2 139 499000000	64267668133	128.7929221102	1288.8456149101257
2 140 158000000	20504164684	129.7731942025	415.5665850639343
2 141 168000000	21966596398	130.7535499881	441.20487999916077
2 142 521000000	68632790630	131.7328035125	1373.93825507164
2 143 309000000	41008294103	132.7129258997	821.641851902008
2 144 174000000	23263000783	133.6954067989	465.7109429836273
2 145 10000000	1346830887	134.6830887000	27.15580701828003
2 146 274000000	37170084617	135.6572431277	1117.3918280601501
2 147 119000000	16260083860	136.6393601681	324.4621911048889
2 148 198000000	27248887683	137.6206448636	834.9484579563141
2 149 215000000	29799099473	138.6004626651	593.9673390388489
2 150 707000000	98685643605	139.5836543211	1965.9570479393005
2 151 199000000	27972170429	140.5636704975	556.8449051380157
2 152 237000000	33546593086	141.5468062700	667.755145072937
2 153 409000000	58294413568	142.5291285281	1438.415342092514
2 154 321000000	46066075947	143.5080247570	1111.6631181240082
2 155 219000000	31643735195	144.4919415297	628.5962400436401
2 156 285000000	41460479317	145.4753660246	823.1991930007935
2 157 309000000	45254387512	146.4543285178	1407.0741820335388
2 158 147000000	21673299296	147.4374101769	430.3877329826355
2 159 249000000	36956477063	148.4195865984	732.8268949985504
2 160 301000000	44970783692	149.4045969834	891.1456820964813
2 161 139000000	20903871909	150.3875676906	414.0974349975586
2 162 366000000	55401515496	151.3702609180	1111.711520910263
2 163 172000000	26205165807	152.3556151570	805.3666048049927
2 164 90000000	13800375836	153.3375092889	272.91915488243103
2 165 220000000	33950176727	154.3189851227	671.2763550281525
2 166 271000000	42087071587	155.3028471845	831.8139200210571
2 167 347000000	54231339465	156.2862808790	1537.401582956314
2 168 272000000	42776905941	157.2680365478	861.3106210231781
2 169 105000000	16616373060	158.2511720000	330.57568311691284
2 170 330000000	52547762748	159.2356446909	1045.5715999603271
2 171 190000000	30441477419	160.2183022053	942.9549188613892
2 172 323000000	52068854249	161.2038831238	1035.1076459884644
2 173 257000000	41681588568	162.1851695253	827.8630452156067
2 174 514000000	83870246313	163.1716854339	2057.8265080451965
2 175 289000000	47440537816	164.1541100900	941.6556689739227
2 176 63000000	10403828963	165.1401422698	206.37660884857178
2 177 412000000	68442506925	166.1225896238	2114.322867870331
2 178 73000000	12198737317	167.1059906438	241.8411898612976
2 179 525000000	88248853900	168.0930550476	2041.181442975998
2 180 103000000	17414666863	169.0744355631	344.8278799057007
2 181 500000000	85031679476	170.0633589520	1683.6031880378723
2 182 37000000	6328588420	171.0429302703	126.18612504005432
2 183 413000000	71048633608	172.0305898499	1393.7748708724976
2 184 493000000	85296245837	173.0146974381	1671.9111909866333
2 185 157000000	27318428894	174.0027318089	535.7346158027649
2 186 300000000	52495501662	174.9850055400	1028.5761148929596
2 187 310000000	54550624218	175.9697555419	1327.0020260810852
2 188 216000000	38222677381	176.9568397269	751.1236138343811
2 189 240000000	42705917694	177.9413237250	835.3666620254517
2 190 268000000	47952462053	178.9270972127	937.2262139320374
2 191 478000000	85997623176	179.9113455565	1680.9117600917816
2 192 158000000	28581488291	180.8954955127	558.7343711853027
2 193 96000000	17460774774	181.8830705625	534.1075019836426
2 194 184000000	33647589389	182.8673336359	657.1286580562592
2 195 129000000	23717211576	183.8543533023	745.186980009079
2 196 321000000	59333244997	184.8387694611	1850.6900389194489
2 197 308000000	57234601402	185.8266279286	1117.4060699939728
2 198 319000000	59592825687	186.8113657900	1162.8966200351715
2 199 160000000	30047707160	187.7981697500	585.4141318798065
2 200 609000000	114968129847	188.7818224089	2537.203665971756
2 201 130000000	24670079282	189.7698406308	742.3062119483948
2 202 327000000	62376758640	190.7546135780	1238.64066696167
2 203 268000000	51386558988	191.7408917463	1000.4262778759003
2 204 158000000	30451170511	192.7289272848	592.0475370883942
2 205 153000000	29638593379	193.7162965948	580.0318241119385
2 206 134000000	26090652142	194.7063592687	781.7724461555481
2 207 193000000	37767556608	195.6868218031	735.0818347930908
2 208 380000000	74736273345	196.6744035395	1458.5744278430939
2 209 67000000	13243470093	197.6637327313	376.137001991272
2 210 199000000	39530745209	198.6469608492	768.498929977417
2 211 420000000	83846835835	199.6353234167	1629.1677470207214
2 212 249000000	49955731290	200.6254268675	969.9553530216217
2 213 266000000	53626826030	201.6046091353	1639.2055559158325
2 214 390000000	79010853989	202.5919333051	1881.2945230007172
2 215 295000000	60056467768	203.5812466712	1165.891620874405
2 216 288000000	58916355527	204.5706789132	1249.3461508750916
2 217 178000000	36589045406	205.5564348652	709.9412341117859
2 218 145000000	29947882795	206.5371227241	580.4402220249176
2 219 258000000	53542065925	207.5273873062	1036.8221080303192
2 220 63000000	13136884702	208.5219793968	405.55472707748413
2 221 229000000	47976514351	209.5044294803	1383.713306903839
2 222 203000000	42729617643	210.4907273054	1221.6127960681915
2 223 297000000	62808458881	211.4762925286	1772.1315529346466
2 224 407000000	86473267446	212.4650305799	2860.6502220630646
2 225 481000000	102671536308	213.4543374387	2860.6569650173187
2 226 161000000	34524429373	214.4374495217	2860.654783010483
2 227 371000000	79924842892	215.4308433747	2227.0780079364777
2 228 57000000	12335340438	216.4094813684	2436.891039133072
2 229 194000000	42176630470	217.4053117010	1202.5118670463562
2 230 127000000	27734844756	218.3846043780	819.1351709365845
2 231 165000000	36197121578	219.3764944121	1052.0780670642853
2 232 542000000	119438531137	220.3662936107	3339.0350890159607
2 233 65000000	14388452087	221.3608013385	3339.033131122589
2 234 126000000	28015305047	222.3436908492	823.922816991806
2 235 185000000	41317060233	223.3354607189	1188.075203180313
2 236 252000000	56527610439	224.3159144405	1542.868731021881
2 237 127000000	28614533299	225.3112858189	782.5895969867706
2 238 181000000	40959834627	226.2974288785	1097.1645200252533
2 239 230000000	52275190335	227.2834362391	1387.9118659496307
2 240 107000000	24424822624	228.2693703178	653.3992421627045
2 241 248000000	56856877103	229.2616012218	1527.9547929763794
2 242 61000000	14045005261	230.2459878852	368.68844509124756
2 243 179000000	41391575249	231.2378505531	1114.7080750465393
2 244 464000000	107751489652	232.2230380431	3106.1495912075043
2 245 166000000	38712852300	233.2099536145	1050.8498270511627
2 246 197000000	46137322108	234.1996046091	1231.8952980041504
2 247 287000000	67498949470	235.1879772474	1896.2239708900452
2 248 241000000	56919751120	236.1815399170	1609.0968980789185
2 249 443000000	105065361152	237.1678581309	3061.0993609428406
2 250 269000000	64064390064	238.1575838810	1830.244817018509
2 251 158000000	37784956001	239.1452911456	1080.9748740196228
2 252 324000000	77804154320	240.1362787654	2306.4618530273438
2 253 226000000	54493381391	241.1211565973	1591.3420221805573
2 254 301000000	72876231567	242.1137261362	2184.458724975586
2 255 177000000	43028160859	243.0969540056	1272.2285888195038
2 256 99000000	24165270292	244.0936393131	715.5998179912567
2 257 352000000	86268169477	245.0800269233	2626.6146910190582
2 258 140000000	34449902871	246.0707347929	1036.991576910019
2 259 291000000	71894130396	247.0588673402	2173.110801935196
2 260 236000000	58539089382	248.0469889068	1805.680960893631
2 261 114000000	28390765030	249.0417985088	868.8803019523621
2 262 667000000	166766556251	250.0248219655	5092.457946062088
2 263 408000000	102413256852	251.0128844412	3144.448914051056
2 264 83000000	20916092813	252.0011182289	648.4669868946075
2 265 130000000	32889035393	252.9925799462	1012.4420177936554
2 266 124000000	31493856427	253.9827131210	959.2877249717712
2 267 226000000	57622944746	254.9687820619	1750.3403298854828
2 268 181000000	46329621413	255.9647591878	1407.182371854782
2 269 304000000	78112663612	256.9495513553	2377.92267203331
2 270 42000000	10833550722	257.9416838571	331.011766910553
2 271 287000000	74312409283	258.9282553415	2274.0775520801544
2 272 391000000	101628791619	259.9201831688	3095.9667699337006
2 273 400000000	104363950340	260.9098758500	3185.8728029727936
2 274 371000000	97163816650	261.8970799191	2966.7015669345856
2 275 127000000	33388060025	262.8981104331	1017.8340649604797
2 276 126000000	33248638499	263.8780833254	1014.46244597435
2 277 242000000	64097219089	264.8645416901	1958.4493010044098
2 278 126000000	33498446479	265.8606863413	1019.0910089015961
2 279 216000000	57639860931	266.8512080139	1757.265897989273
2 280 185000000	49549415220	267.8346768649	1512.8668019771576
2 281 352000000	94626744763	268.8259794403	2875.0848710536957
2 282 104000000	28061086224	269.8181367692	860.0823788642883
2 283 338000000	91532189656	270.8052948402	2785.0745820999146
2 284 353000000	95943885491	271.7957096062	2914.177416086197
2 285 155000000	42282159974	272.7881288645	1288.2548379898071
2 286 62000000	16974231667	273.7779301129	519.110769033432
2 287 200000000	54953467247	274.7673362350	1681.2997560501099
2 288 273000000	75281445744	275.7562115165	2302.6011588573456
2 289 218000000	60331005417	276.7477312706	1827.550549030304
2 290 430000000	119427731319	277.7389100442	3664.7026600837708
2 291 29000000	8083349140	278.7361772414	247.56696200370789
2 292 274000000	76641860599	279.7148197044	2332.8670041561127
2 293 258000000	72422543639	280.7075334845	2222.8406059741974
2 294 430000000	121130852751	281.6996575605	3715.8133540153503
2 295 267000000	75477058879	282.6856137790	2287.9298298358917
2 296 275000000	78012686476	283.6824962764	2382.890562772751
2 297 213000000	60634730566	284.6700965540	1862.1097350120544
2 298 243000000	69414738208	285.6573588807	2108.8499898910522
2 299 413000000	118386462763	286.6500309031	3643.2683670520782
2 300 196000000	56377564093	287.6406331276	1709.8772480487823
2 301 409000000	118050846219	288.6328758411	3618.118590116501
2 302 317000000	91810087630	289.6217275394	2799.8224420547485
2 303 204000000	59284064742	290.6081605000	1802.4138751029968
2 304 221000000	64445455971	291.6083980588	1975.706908941269
2 305 33000000	9655586223	292.5935219091	292.02675700187683
2 306 118000000	34643116495	293.5857330085	1052.323900938034
2 307 555000000	163490315256	294.5771446054	5015.1461708545685
2 308 267000000	78915329370	295.5630313483	2405.1728019714355
2 309 596000000	176748131322	296.5572673188	5417.287151098251
2 310 554000000	164840462412	297.5459610325	5039.216758966446
2 311 548000000	163599291157	298.5388524763	4969.424849033356
2 312 365000000	109327791464	299.5281957918	3315.1234500408173
2 313 236000000	70923504879	300.5233257585	2150.533077955246
2 314 437000000	131759930420	301.5101382609	4002.0003719329834
2 315 128000000	38719735940	302.4979370312	1168.1740300655365
2 316 59000000	17905898130	303.4897988136	540.01118516922
2 317 246000000	74903989338	304.4877615366	2271.763184070587
2 318 642000000	196114667898	305.4745605888	5906.706493139267
2 319 151000000	46276387361	306.4661414636	1410.5178790092468
2 320 196000000	60261912736	307.4587384490	1825.269170999527
2 321 301000000	92842828057	308.4479337442	2817.6784131526947
2 322 379000000	117279001712	309.4432762850	3544.5275361537933
2 323 155000000	48116806036	310.4310066839	1464.6574280261993
2 324 359000000	111802256578	311.4268985460	3376.276112794876
2 325 135000000	42176917660	312.4216122963	1287.8439099788666
2 326 228000000	71456484126	313.4056321316	2154.6867940425873
2 327 133000000	41814975861	314.3983147444	1283.578115940094
2 328 258000000	81370288094	315.3887135426	2462.4036631584167
2 329 63000000	19932233203	316.3846540159	604.5118510723114
2 330 23000000	7299880469	317.3861073478	221.22021794319153
2 331 314000000	99965369623	318.3610497548	3004.3308041095734
2 332 719000000	229615237792	319.3535991544	6951.153537034988
2 333 347000000	111159633843	320.3447661182	3337.526619911194
2 334 31000000	9961405217	321.3356521613	301.11812019348145
2 335 181000000	58341685411	322.3297536519	1771.4794239997864
2 336 78000000	25219098508	323.3217757436	763.2067079544067
2 337 328000000	106373319350	324.3089004573	3219.1156079769135
2 338 371000000	120687300122	325.3026957466	3668.6054730415344
2 339 193000000	62975729950	326.2991189119	1889.5946979522705
2 340 592000000	193752494276	327.2846187095	5898.645336866379
2 341 133000000	43660437857	328.2739688496	1318.2299399375916
2 342 293000000	96476429890	329.2710917747	2921.3373091220856
2 343 290000000	95775727440	330.2611291034	2905.429244041443
2 344 394000000	130514175136	331.2542516142	3941.2136969566345
2 345 328000000	108975874888	332.2435210000	3269.4192011356354
2 346 145000000	48319025245	333.2346568621	1460.8640041351318
2 347 222000000	74198530915	334.2276167342	2243.3252980709076
2 348 312000000	104588113144	335.2183113590	3177.3520069122314
2 349 431000000	144906566543	336.2101311903	4348.734951972961
2 350 139000000	46870731149	337.1995046691	1409.6086580753326
2 351 288000000	97400138866	338.1949266181	2940.7191808223724
2 352 108000000	36633264844	339.1968967037	1112.8071601390839
2 353 334000000	113619225746	340.1773225928	3406.0685908794403
2 354 439000000	149773846657	341.1704935239	4531.792233943939
2 355 233000000	79723493257	342.1609152661	2399.94725894928
2 356 356000000	122163193755	343.1550386376	3702.223247051239
2 357 437000000	150392487173	344.1475679016	4567.8534190654755
2 358 139000000	47975451997	345.1471366691	1454.8209071159363
2 359 282000000	97609442843	346.1327760390	2937.8562150001526
2 360 421000000	146139329152	347.1242972732	4442.05118894577
2 361 400000000	139247887393	348.1197184825	4227.6819179058075
2 362 530000000	185026927999	349.1074113189	5600.416020870209
2 363 538000000	188352766471	350.0980789424	5707.169644117355
2 364 256000000	89880285321	351.0948645352	2728.041496992111
2 365 264000000	92949861434	352.0828084621	2797.08087682724
2 366 554000000	195603880690	353.0755969134	5877.330204963684
2 367 291000000	103035307161	354.0732204845	3131.5337629318237
2 368 264000000	93735479077	355.0586328674	2858.7400119304657
2 369 42000000	14954016659	356.0480156905	453.12473320961
2 370 357000000	127464706418	357.0439955686	3832.889018058777
2 371 167000000	59792394236	358.0382888383	1798.2006487846375
2 372 291000000	104478542997	359.0327938041	3178.4331200122833
2 373 47000000	16921196084	360.0254485957	511.7240719795227
2 374 414000000	149462432697	361.0203688333	4513.455303907394
2 375 368000000	133219278559	362.0089091277	3989.8858399391174
2 376 167000000	60621271477	363.0016256108	1848.8996949195862
2 377 214000000	77894279589	363.9919606963	2331.419685125351
2 378 196000000	71536831423	364.9838337908	2159.7587480545044
2 379 196000000	71731230025	365.9756633929	2164.85600399971
2 380 361000000	132476106204	366.9698232798	3972.7415108680725
2 381 392000000	144242551477	367.9656925434	4346.194160223007
2 382 140000000	51654107823	368.9579130214	1554.2136960029602
2 383 288000000	106544121025	369.9448646701	3190.762125015259
2 384 602000000	223304717769	370.9380693837	6721.512640953064
2 385 576000000	214231957414	371.9304816215	6440.979158878326
2 386 203000000	75704524390	372.9286915764	2280.355795145035
2 387 140000000	52348359084	373.9168506000	1568.5955429077148
2 388 412000000	154463274863	374.9108613180	4629.241781949997
2 389 663000000	249224871086	375.9047829351	7481.1185438632965
2 390 224000000	84425344459	376.8988591920	2549.724009990692
2 391 347000000	131126357852	377.8857574986	3936.2391028404236
2 392 69000000	26141971147	378.8691470580	789.3317511081696
2 393 342000000	129915869420	379.8709632164	3909.0246551036835
2 394 141000000	53702051623	380.8656143475	1610.9840178489685
2 395 375000000	143197309026	381.8594907360	4290.389853000641
2 396 236000000	90351916699	382.8471046568	2706.3779270648956
2 397 187000000	71778536556	383.8424414759	2156.004476070404
2 398 251000000	96594774191	384.8397378127	2902.331202983856
2 399 569000000	219538848126	385.8327735079	6620.868330955505
2 400 227000000	87807645272	386.8178205815	2629.483186006546
2 401 468000000	181497330133	387.8148079765	5471.479532957077
2 402 231000000	89815558694	388.8119423983	2677.541648864746
2 403 586000000	228424317697	389.8025899266	6853.532811880112
2 404 465000000	181718618532	390.7927280258	5434.534894943237
2 405 474000000	185708022089	391.7890761371	5570.139565944672
2 406 435000000	170860102604	392.7818450667	5119.393283128738
2 407 369000000	145301177169	393.7701278293	4392.474139928818
2 408 250000000	98691906720	394.7676268800	2964.249524116516
2 409 133000000	52636200641	395.7609070752	1579.1870470046997
2 410 217000000	86095804943	396.7548614885	2592.6406078338623
2 411 477000000	189726026953	397.7484841782	5721.258689880371
2 412 486000000	193787542573	398.7397995329	5828.610139846802
2 413 61000000	24383746838	399.7335547213	732.7324540615082
2 414 140000000	56101553504	400.7253821714	1687.2800529003143
2 415 128000000	51419473090	401.7146335156	1546.7260801792145
2 416 223000000	89804757807	402.7119184170	2708.4685809612274
2 417 122000000	49252446559	403.7085783525	1481.531261920929
2 418 613000000	248079614947	404.6975774013	7429.856668949127
2 419 242000000	98176578093	405.6883392273	2953.821953058243
2 420 414000000	168368608947	406.6874612246	5061.604651927948
2 421 186000000	75827577272	407.6751466237	2269.0700418949127
2 422 515000000	210465255562	408.6703991495	6339.6452848911285
2 423 519000000	212615687115	409.6641370231	6375.037921905518
2 424 86000000	35316283477	410.6544590349	1070.6781840324402
2 425 261000000	107440638237	411.6499549310	3242.959337949753
2 426 190000000	78401287479	412.6383551526	2358.2732689380646
2 427 202000000	83555171408	413.6394624158	2531.8752999305725
2 428 303000000	125632039520	414.6271931353	3801.0502150058746
2 429 255000000	105983142335	415.6201660196	3209.339437007904
2 430 357000000	148731579764	416.6150693669	4496.273396015167
2 431 141000000	58883309945	417.6121272695	1766.459200143814
2 432 61000000	25535116491	418.6084670656	768.678200006485
2 433 183000000	76785821660	419.5946538798	2284.7905740737915
2 434 154000000	64770902588	420.5902765455	1933.4989581108093
2 435 243000000	102445038635	421.5845211317	3079.040853023529
2 436 164000000	69302723303	422.5775811159	2065.8756132125854
2 437 352000000	149097017679	423.5710729517	4525.092883110046
2 438 159000000	67504907439	424.5591662830	2043.9892909526825
2 439 52000000	22128759128	425.5530601538	655.1716799736023
2 440 830000000	354038810159	426.5527833241	10623.041435956955
2 441 242000000	103466832803	427.5488958802	3140.07133603096
2 442 295000000	126420241257	428.5431907017	3814.0228209495544
2 443 379000000	162792137314	429.5307053140	4858.670585870743
2 444 307000000	132171465816	430.5259472834	3925.9586341381073
2 445 243000000	104859450183	431.5203711235	3171.2105901241302
2 446 128000000	55361588845	432.5124128516	1645.8528192043304
2 447 210000000	91037745098	433.5130718952	2694.993863105774
2 448 222000000	96458477663	434.4976471306	2876.0432589054108
2 449 50000000	21774212950	435.4842590000	645.6339330673218
2 450 408000000	178087124328	436.4880498235	5318.080230951309
2 451 665000000	290924930878	437.4810990647	8708.294028997421
2 452 153000000	67087534566	438.4806180784	2010.6188650131226
2 453 370000000	162603348191	439.4685086243	4850.70445394516
2 454 678000000	298634051530	440.4632028466	8907.6062271595
2 455 264000000	116543604302	441.4530465985	3477.285621881485
2 456 70000000	30971647921	442.4521131571	922.3351941108704
2 457 163000000	72279846536	443.4346413252	2154.437703847885
2 458 332000000	147553921705	444.4395232078	4395.491723060608
2 459 393000000	175053362938	445.4284044224	5249.911482810974
2 460 232000000	103569861416	446.4218164483	3063.261638879776
2 461 522000000	233551560396	447.4167823678	6970.836469888687
2 462 563000000	252455437162	448.4110784405	7549.013100862503
2 463 294000000	132126475541	449.4097807517	3960.6278460025787
2 464 164000000	73864724888	450.3946639512	2210.069459915161
2 465 442000000	199513736923	451.3885450747	5906.208548069
2 466 143000000	64691251775	452.3863760490	1922.6903030872345
2 467 198000000	89769405791	453.3808373283	2697.794692993164
2 468 166000000	75426551877	454.3768185361	2246.5123398303986
2 469 809000000	368392469985	455.3677008467	11064.598789930344
2 470 201000000	91729249282	456.3644242886	2744.086241006851
2 471 372000000	170137105487	457.3578104489	5086.098434925079
2 472 235000000	107711712770	458.3477139149	3234.1566359996796
2 473 252000000	115755277480	459.3463392063	3455.1141970157623
2 474 263000000	121069383075	460.3398596008	3628.4986209869385
2 475 187000000	86268374039	461.3282034171	2546.683679819107
2 476 243000000	112345943625	462.3289861111	3372.1775448322296
2 477 340000000	157528956095	463.3204591029	4683.096634864807
2 478 582000000	270230880740	464.3142280756	8136.420428037643
2 479 300000000	139591890171	465.3063005700	4212.855516195297
2 480 45000000	20984008422	466.3112982667	625.5900688171387
2 481 102000000	47662892882	467.2832635490	1408.0028069019318
2 482 123000000	57599750886	468.2906576098	1704.4796628952026
2 483 406000000	190527744221	469.2801581798	5732.3703789711
2 484 327000000	153780646088	470.2772051621	4659.367455005646
2 485 369000000	173898711340	471.2702204336	5165.035898923874
2 486 100000000	47226854647	472.2685464700	1412.228975057602
2 487 511000000	241836553461	473.2613570665	7206.106550216675
2 488 319000000	151285167356	474.2481735298	4475.180005073547
2 489 262000000	124514461533	475.2460363855	3782.6044940948486
2 490 360000000	171447873783	476.2440938417	5172.55903506279
2 491 236000000	112628734816	477.2404017627	3409.080331802368
2 492 338000000	161642725434	478.2329154852	4811.767903804779
2 493 26000000	12459919361	479.2276677308	374.96130084991455
2 494 301000000	144545453766	480.2174543721	4313.087377071381
2 495 234000000	112603354270	481.2109156838	3418.2226650714874
2 496 214000000	103193319714	482.2117743645	3066.618353843689
2 497 482000000	232903155725	483.2015678942	6946.331483125687
2 498 311000000	150585102795	484.1964720096	4467.253970861435
2 499 485000000	235317534765	485.1907933299	7064.4013550281525
2 500 466000000	226561781698	486.1840808970	6737.625664949417
2 501 163000000	79410811888	487.1828950184	2364.6120162010193
2 502 168000000	82012212951	488.1679342321	2443.1703050136566
2 503 76000000	37177210458	489.1738218158	1116.3314638137817
2 504 160000000	78425975071	490.1623441938	2334.596708059311
2 505 304000000	149310754531	491.1537977993	4400.444948911667
2 506 379000000	186527405341	492.1567423245	5575.221848011017
2 507 401000000	197750595763	493.1436303317	5823.594093084335
2 508 436000000	215444300307	494.1383034564	6401.868864059448
2 509 71000000	35154293157	495.1308895352	1042.1193270683289
2 510 211000000	104683324397	496.1294995118	3125.002634048462
2 511 403000000	200342366224	497.1274596129	5951.215166807175
2 512 307000000	152922399744	498.1185659414	4568.2411098480225
2 513 107000000	53404995200	499.1121046729	1576.2499899864197
2 514 183000000	91519066112	500.1041864044	2704.8442499637604
2 515 131000000	65643947765	501.0988379008	1969.2103490829468
2 516 291000000	146109907826	502.0959031821	4323.790369987488
2 517 223000000	112190078925	503.0945243274	3359.4312460422516
2 518 255000000	128542395571	504.0878257686	3804.8460760116577
2 519 438000000	221224051158	505.0777423699	6512.909174919128
2 520 335000000	169534183337	506.0721890657	5012.997102975845
2 521 422000000	213981873676	507.0660513649	6347.457170963287
2 522 191000000	97039515939	508.0602928743	2888.255954027176
2 523 713000000	362955227760	509.0536153717	10759.290396928787
2 524 58000000	29582817857	510.0485837414	878.7146298885345
2 525 534000000	272898466510	511.0458174345	8086.601683139801
2 526 261000000	133643179502	512.0428333410	3969.460333108902
2 527 478000000	245229078946	513.0315459121	7265.468075990677
2 528 387000000	198928373049	514.0268037442	5854.335641145706
2 529 414000000	213219125218	515.0220415894	6284.522433996201
2 530 477000000	246139959483	516.0166865472	7265.486409902573
2 531 379000000	195946377196	517.0089108074	5811.058013916016
2 532 162000000	83918118966	518.0130800370	2487.877683877945
2 533 731000000	379390818197	519.0024872736	11181.031863927841
2 534 578000000	300558655724	519.9976742630	8938.930312156677
2 535 339000000	176616090685	520.9914179499	5203.218533992767
2 536 253000000	132062265682	521.9852398498	3887.382318019867
2 537 260000000	135974487523	522.9787981654	4038.2219870090485
2 538 107000000	56065155320	523.9734142056	1667.8170619010925
2 539 467000000	245158131742	524.9638795332	7246.8518970012665
2 540 248000000	130438693661	525.9624744395	3860.477084159851
2 541 576000000	303527651058	526.9577275313	9042.851083040237
2 542 329000000	173696746193	527.9536358450	5119.35355591774
2 543 712000000	376610245356	528.9469738146	11180.392581939697
2 544 29000000	15368097042	529.9343807586	455.57320404052734
2 545 54000000	28670410249	530.9335231296	847.091591835022
2 546 540000000	287244323519	531.9339324426	8527.818355083466
2 547 408000000	217434820694	532.9284820931	6471.830500125885
2 548 312000000	166583978091	533.9230067019	4925.960134029388
2 549 101000000	54026923996	534.9200395644	1597.2921450138092
2 550 173000000	92713338043	535.9152488035	2753.380676984787
2 551 426000000	228722957824	536.9083516995	6821.1974132061005
2 552 190000000	102199841141	537.8939007421	3025.184127807617
2 553 12000000	6466728588	538.8940490000	193.91771483421326
2 554 51000000	27534579878	539.8937230980	824.1124460697174
2 555 268000000	144957020999	540.8844067127	4333.47301697731
2 556 344000000	186407722946	541.8829155407	5579.754371166229
2 557 244000000	132461425178	542.8746933525	3907.9889419078827
2 558 636000000	345899949893	543.8678457437	10273.081344127655
2 559 417000000	227207776446	544.8627732518	6715.121612071991
2 560 572000000	312231581001	545.8594073444	9320.749074220657
2 561 425000000	232414594853	546.8578702424	6930.577939033508
2 562 339000000	185720884833	547.8492177965	5488.295706033707
2 563 165000000	90558654647	548.8403311939	2666.365499019623
2 564 197000000	108318062508	549.8378807513	3195.0522980690002
2 565 252000000	138810631824	550.8358405714	4102.433789968491
2 566 77000000	42491326111	551.8354040390	1268.4726388454437
2 567 31000000	17137520538	552.8232431613	507.6996099948883
2 568 369000000	204358281715	553.8164816125	6011.839406013489
2 569 88000000	48824092844	554.8192368636	1450.389014005661
2 570 587000000	326259890341	555.8090125060	9661.767591953278
2 571 366000000	203788720846	556.7997837322	6009.208207130432
2 572 306000000	170684535809	557.7926006830	5002.598856925964
2 573 434000000	242517300795	558.7956239516	7155.021494150162
2 574 360000000	201523563194	559.7876755389	5965.423305988312
2 575 348000000	195152174005	560.7821092098	5757.397443056107
2 576 122000000	68536729238	561.7764691639	2026.0302109718323
2 577 433000000	243678401422	562.7676707206	7220.025106906891
2 578 96000000	54121744354	563.7681703542	1601.681939125061
2 579 194000000	109564895323	564.7675016649	3227.4814550876617
2 580 134000000	75811398100	565.7567022388	2236.666408061981
2 581 90000000	51007657735	566.7517526111	1496.40918302536
2 582 255000000	144775542949	567.7472272510	4273.983774900436
2 583 393000000	223514966959	568.7403739415	6606.085643053055
2 584 195000000	111098306942	569.7349073949	3285.8515770435333
2 585 165000000	94171304196	570.7351769455	2785.2373349666595
2 586 424000000	242412969069	571.7287006344	7175.74250292778
2 587 433000000	247990009062	572.7251941386	7354.6087119579315
2 588 345000000	197933453926	573.7201563072	5826.384311914444
2 589 21000000	12068842328	574.7067775238	353.4218399524689
2 590 620000000	356939672277	575.7091488339	10566.0849609375
2 591 323000000	186275365554	576.7039181238	5506.943716049194
2 592 395000000	228191679391	577.7004541544	6696.239342927933
2 593 252000000	145829722552	578.6893752063	4267.017299890518
2 594 159000000	92170467927	579.6884775283	2744.983945131302
2 595 204000000	118460343567	580.6879586618	3465.4770679473877
2 596 103000000	59912130360	581.6711685437	1782.2990419864655
2 597 400000000	233069772406	582.6744310150	6900.772522926331
2 598 305000000	178019665814	583.6710354557	5240.040962934494
2 599 84000000	49111942183	584.6659783690	1448.44593501091
2 600 527000000	308643667479	585.6616081195	9195.337342977524
2 601 557000000	326767318312	586.6558677056	9630.940160036087
2 602 99000000	58177012146	587.6465873333	1718.3782939910889
2 603 282000000	165998091197	588.6457134645	4917.6050679683685
2 604 196000000	115569755043	589.6416073622	3408.4081180095673
2 605 265000000	156519720880	590.6404561509	4592.511171102524
2 606 397000000	234877095906	591.6299644987	6947.013781070709
2 607 347000000	205641207668	592.6259586974	6086.937924861908
2 608 115000000	68267353140	593.6291577391	2003.3855121135712
2 609 308000000	183141302017	594.6146169383	5370.619451999664
2 610 367000000	218589895454	595.6127941526	6406.007868051529
2 611 320000000	190914193720	596.6068553750	5591.117110013962
2 612 75000000	44820458444	597.6061125867	1323.4574100971222
2 613 128000000	76620101357	598.5945418516	2260.7064731121063
2 614 312000000	187073293651	599.5938899071	5587.741754055023
2 615 90000000	54052207829	600.5800869889	1586.7996089458466
2 616 510000000	306807782780	601.5838878039	9011.949558973312
2 617 533000000	321175785561	602.5812111839	9489.481141090393
2 618 114000000	68807186223	603.5718089737	2026.840982913971
2 619 72000000	43528177331	604.5580184861	1297.6565690040588
2 620 389000000	235564110181	605.5632652468	7039.688202142715
2 621 427000000	259000331592	606.5581536112	7729.4830849170685
2 622 556000000	337801881740	607.5573412590	9925.350643873215
2 623 180000000	109539141632	608.5507868444	3225.2305188179016
2 624 324000000	197493140148	609.5467288519	5898.9344210624695
2 625 166000000	101349917298	610.5416704699	3002.720421075821
2 626 506000000	309439513260	611.5405400395	9167.332520961761
2 627 456000000	279315502624	612.5339969825	8205.077062129974
2 628 287000000	176082227880	613.5269264111	5255.649376869202
2 629 251000000	154246893682	614.5294569004	4559.9853620529175
2 630 309000000	190196030156	615.5211331909	5665.721862077713
2 631 610000000	376072581199	616.5124281951	11001.918056964874
2 632 520000000	321104555465	617.5087605096	9406.961338996887
2 633 380000000	235033119354	618.5082088263	6954.795506000519
2 634 181000000	112130570739	619.5059156851	3329.7634081840515
2 635 290000000	179942415350	620.4910874138	5319.514422178268
2 636 466000000	289614951705	621.4913126717	8481.496966123581
2 637 628000000	390921867345	622.4870499124	11470.152801036835
2 638 255000000	158987389709	623.4799596431	4675.178556919098
2 639 178000000	111157167252	624.4784677079	3278.6875920295715
2 640 135000000	84438387652	625.4695381630	2475.9011750221252
2 641 156000000	97727765008	626.4600321026	2871.0604588985443
2 642 152000000	95374998575	627.4670958882	2803.823173046112
2 643 142000000	89241303596	628.4598844789	2647.8945751190186
2 644 275000000	173099636871	629.4532249855	5059.718869924545
2 645 403000000	254070820554	630.4486862382	7463.264669895172
2 646 278000000	175542416203	631.4475402986	5167.210999011993
2 647 437000000	276376588258	632.4407053959	8140.235149145126
2 648 171000000	108319013271	633.4445220526	3165.38685297966
2 649 133000000	84380047974	634.4364509323	2483.7642889022827
2 650 121000000	76887084070	635.4304468595	2251.530560016632
2 651 175000000	111374845559	636.4276889086	3268.0960121154785
2 652 337000000	214809587199	637.4171726973	6324.248204946518
2 653 361000000	230468757721	638.4176114155	6763.582630157471
2 654 299000000	191183261149	639.4089001639	5622.204479932785
2 655 197000000	126160179123	640.4070006244	3703.102831840515
2 656 244000000	156502153051	641.4022666025	4570.668498039246
2 657 119000000	76445633105	642.4002781933	2244.923826932907
2 658 220000000	141546488314	643.3931287000	4160.922904968262
2 659 165000000	106324525382	644.3910629212	3140.7127599716187
2 660 259000000	167154623592	645.3846470734	4931.471304893494
2 661 662000000	427905861528	646.3834766284	12598.806157112122
2 662 260000000	168317255739	647.3740605346	4973.982808113098
2 663 249000000	161446088717	648.3778663333	4743.838599920273
2 664 528000000	342866907390	649.3691427841	10069.282909154892
2 665 294000000	191208741079	650.3698676156	5616.570511102676
2 666 59000000	38430041295	651.3566321186	1127.8947579860687
2 667 467000000	304651839130	652.3593985653	9010.574836969376
2 668 533000000	348235121171	653.3491954428	10184.816627979279
2 669 606000000	396534766352	654.3477992607	11579.204195022583
2 670 347000000	227403199984	655.3406339597	6669.29184794426
2 671 719000000	471906505868	656.3372821530	13882.635648012161
2 672 179000000	117662715232	657.3336046480	3470.786700963974
2 673 372000000	244899415600	658.3317623656	7236.519397974014
2 674 277000000	182632007704	659.3213274513	5356.645345926285
2 675 451000000	297805733196	660.3231334723	8686.326536178589
2 676 466000000	308174530231	661.3187344013	9105.92491698265
2 677 186000000	123188805754	662.3054072796	3606.8864369392395
2 678 481000000	319051765764	663.3092843326	9403.13892006874
2 679 404000000	268378906362	664.3042236683	7833.585695028305
2 680 314000000	208904073041	665.2995956720	6179.896935939789
2 681 183000000	121932877341	666.2998761803	3579.288899898529
2 682 405000000	270250820935	667.2859776173	7982.711189031601
2 683 317000000	211846693953	668.2861007981	6234.1642298698425
2 684 226000000	151257917244	669.2828196637	4462.156946897507
2 685 247000000	165558215904	670.2761777490	4894.926480054855
2 686 381000000	255755979473	671.2755366745	7562.107342004776
2 687 131000000	88067437580	672.2705158779	2572.063180923462
2 688 338000000	227562247838	673.2610882781	6748.214110136032
2 689 212000000	142944079488	674.2645258868	4236.277992010117
2 690 771000000	520622966990	675.2567665240	15360.087017059326
2 691 358000000	242098488214	676.2527603743	7100.457129955292
2 692 595000000	402965633500	677.2531655462	11833.15391612053
2 693 458000000	310636542593	678.2457261856	9081.784561157227
2 694 320000000	217357400057	679.2418751781	6349.770138025284
2 695 397000000	270054364458	680.2376938489	7973.4598689079285
2 696 117000000	79703597895	681.2273324359	2359.710855960846
2 697 377000000	257201919404	682.2332079682	7485.787533044815
2 698 571000000	390120988095	683.2241472767	11416.192786931992
2 699 185000000	126581784206	684.2258605730	3683.810914039612
2 700 252000000	172673404474	685.2119225159	5065.292311906815
2 701 153000000	104989530850	686.2060839869	3066.8194251060486
2 702 150000000	103080234763	687.2015650867	3037.479413986206
2 703 155000000	106672397157	688.2090139161	3111.58589220047
2 704 48000000	33082354067	689.2157097292	968.8895370960236
2 705 192000000	132517689301	690.1962984427	3905.393129825592
2 706 333000000	230165629145	691.1880755105	6721.419848918915
2 707 378000000	261647570813	692.1893407751	7682.204119920731
2 708 311000000	215579915704	693.1830086945	6322.957977056503
2 709 375000000	260316868913	694.1783171013	7606.863699197769
2 710 574000000	399030637231	695.1753261864	11722.049039125443
2 711 114000000	79363280703	696.1691289737	2337.8431680202484
2 712 569000000	396685848057	697.1631776046	11579.550595998764
2 713 43000000	30020203704	698.1442721860	876.555233001709
2 714 439000000	306930188033	699.1576037198	8990.536099910736
2 715 400000000	280061715004	700.1542875100	8225.649769067764
2 716 597000000	418587663454	701.1518650821	12271.14703989029
2 717 444000000	311754104703	702.1488844662	9121.758716106415
2 718 587000000	412745038587	703.1431662470	12025.357409000397
2 719 304000000	214057910649	704.1378639770	6244.493860960007
2 720 377000000	265834573358	705.1314943183	7799.068171977997
2 721 247000000	174414828965	706.1329107895	5126.790745019913
2 722 366000000	258809448334	707.1296402568	7575.4419021606445
2 723 502000000	355477558393	708.1226262809	10394.908157110214
2 724 158000000	112040868042	709.1194179873	3305.4642839431763
2 725 675000000	479330695271	710.1195485496	13995.546976804733
2 726 751000000	534042110556	711.1080034035	15647.782065868378
2 727 367000000	261343407568	712.1073775695	7624.8345811367035
2 728 491000000	350134626046	713.1051446965	10209.385184049606
2 729 283000000	202088734345	714.0944676502	5916.494238138199
2 730 692000000	494845250067	715.0942920043	14483.790895938873
2 731 286000000	204802134707	716.0913800944	6003.647414922714
2 732 561000000	402284742743	717.0851029287	11797.52090215683
2 733 235000000	168748439965	718.0784679362	4910.196795940399
2 734 296000000	212849073942	719.0847092635	6230.469085931778
2 735 161000000	115932065971	720.0749439193	3379.1894941329956
2 736 337000000	242999594746	721.0670467240	7115.300346851349
2 737 85000000	61375387660	722.0633842353	1788.6181409358978
2 738 349000000	252348662723	723.0620708395	7390.844521999359
2 739 215000000	155673586436	724.0631927256	4531.624971151352
2 740 350000000	253769837165	725.0566776143	7389.493462085724
2 741 271000000	196758994110	726.0479487454	5720.259396076202
2 742 80000000	58163409894	727.0426236750	1718.5078279972076
2 743 77000000	56059783945	728.0491421429	1652.3204510211945
2 744 421000000	306924532038	729.0368932019	8990.039188861847
2 745 550000000	401520684071	730.0376074018	11751.911801099777
2 746 301000000	220041772101	731.0357877110	6433.013063192368
2 747 354000000	259138838652	732.0306176610	7565.570907115936
2 748 117000000	85764677605	733.0314325214	2505.0458948612213
2 749 305000000	223876961703	734.0228252557	6536.896800994873
2 750 479000000	352073011529	735.0167255303	10345.09862780571
2 751 824000000	606475419356	736.0138584417	17751.914324998856
2 752 497000000	366292813576	737.0076731911	10744.087041854858
2 753 515000000	380072130405	738.0041367087	11117.993027925491
2 754 210000000	155191267854	739.0060374000	4557.825013875961
2 755 400000000	295997598455	739.9939961375	8667.469932079315
2 756 538000000	398653701685	740.9920105669	11707.519066095352
2 757 318000000	235953057648	741.9907473208	6949.448372125626
2 758 473000000	351433561834	742.9885028203	10357.15791606903
2 759 636000000	473172814833	743.9824132594	13829.18526005745
2 760 217000000	161660894329	744.9810798571	4739.984049081802
2 761 562000000	419241227139	745.9808312082	12235.948961019516
2 762 746000000	557243523839	746.9752330282	16261.280640125275
2 763 574000000	429332958058	747.9668258850	12542.132017850876
2 764 284000000	212706936138	748.9680849930	6192.032419919968
2 765 521000000	390729066392	749.9598203301	11416.473139047623
2 766 735000000	551951087255	750.9538602109	16227.599853992462
2 767 570000000	428611994396	751.9508673614	12589.264041900635
2 768 307000000	231155053867	752.9480581987	6744.226238012314
2 769 159000000	119878114939	753.9504084214	3482.1549780368805
2 770 218000000	164577272134	754.9416152936	4825.438282012939
2 771 198000000	149676235482	755.9405832424	4384.057847976685
2 772 157000000	118839552336	756.9398237962	3464.9481179714203
2 773 594000000	450211887209	757.9324700488	13146.157710075378
2 774 217000000	164687612610	758.9290903687	4842.337594985962
2 775 52000000	39515707844	759.9174585385	1161.9470930099487
2 776 528000000	401766997511	760.9223437708	11726.070208072662
2 777 447000000	340573984220	761.9104792394	10002.040838003159
2 778 1004000000	765962646255	762.9110022460	22339.929744958878
2 779 252000000	192503904133	763.9043814802	5585.961737155914
2 780 408000000	312080549167	764.9033067819	9052.704622983932
2 781 215000000	164667631237	765.8959592419	4841.000874996185
2 782 511000000	391883776156	766.8958437495	11496.962451219559
2 783 435000000	334032613289	767.8910650322	9793.920279979706
2 784 271000000	208367931385	768.8853556642	6118.959277868271
2 785 568000000	437294647457	769.8849427060	12776.898649930954
2 786 223000000	171905510682	770.8767295157	5042.650540828705
2 787 496000000	382850680990	771.8763729637	11246.66580581665
2 788 85000000	65694844872	772.8805279059	1919.9329040050507
2 789 18000000	13929567342	773.8648523333	404.63369703292847
2 790 142000000	110030802208	774.8648042817	3190.088098049164
2 791 573000000	444568605213	775.8614401623	13070.516736984253
2 792 63000000	48941395276	776.8475440635	1443.042315006256
2 793 197000000	153237899146	777.8573560711	4500.10565495491
2 794 153000000	119164316487	778.8517417451	3516.663322210312
2 795 542000000	422677675250	779.8481093173	12322.447448015213
2 796 280000000	218637307495	780.8475267679	6409.934648036957
2 797 449000000	351047085710	781.8420617149	10213.132853984833
2 798 651000000	509630581403	782.8426749662	14900.429738998413
2 799 105000000	82302909885	783.8372370000	2388.828346014023
2 800 186000000	145977540457	784.8254863280	4226.880001068115
2 801 475000000	373269198490	785.8298915579	10924.988332986832
2 802 446000000	350923215414	786.8233529462	10199.889097929
2 803 251000000	197742181022	787.8174542709	5804.686269044876
2 804 147000000	115955438056	788.8125037823	3393.147875070572
2 805 486000000	383850143353	789.8151097798	11130.625113010406
2 806 283000000	223799211790	790.8099356537	6509.860597848892
2 810 416000000	330634731526	794.7950277067	9698.819499969482
2 812 445000000	354569537203	796.7854768607	10376.001096963882
2 813 303000000	241727869527	797.7817476139	7087.062259912491
2 817 59000000	47304348040	801.7686108475	1379.6526992321014
2 819 185000000	148695818129	803.7611790757	4371.353927850723
3 20 19000000	358828260	18.8856978947	12.029845952987671
3 21 62000000	1232883091	19.8852111452	38.7059428691864
3 22 40000000	835400856	20.8850214000	26.533658981323242
3 23 34000000	744074624	21.8845477647	23.53534197807312
3 24 27000000	617900600	22.8852074074	19.90214204788208
3 25 65000000	1552496309	23.8845586000	45.2838191986084
3 26 126000000	3135456694	24.8845769365	95.10400390625
3 27 68000000	1760155081	25.8846335441	52.057693004608154
3 28 71000000	1908787380	26.8843292958	55.77782106399536
3 29 34000000	948069287	27.8843907941	29.111698865890503
3 30 39000000	1126496611	28.8845284872	75.71215105056763
3 31 46000000	1374686315	29.8844851087	75.71249604225159
3 32 33000000	1019201193	30.8848846364	32.339715003967285
3 33 20000000	637688465	31.8844232500	75.71210408210754
3 34 77000000	2532231748	32.8861265974	75.71487712860107
3 35 68000000	2304124074	33.8841775588	69.23604011535645
3 36 27000000	941864701	34.8838778148	28.254865884780884
3 37 159000000	5705530301	35.8838383711	175.82682704925537
3 38 72000000	2655669517	36.8842988472	79.08961296081543
3 39 93000000	3523230435	37.8841982258	109.63066911697388
3 40 84000000	3266280395	38.8842904167	98.79931092262268
3 41 19000000	757804084	39.8844254737	20.010560989379883
3 42 69000000	2820991407	40.8839334348	83.27857184410095
3 43 74000000	3099434734	41.8842531622	90.7516610622406
3 44 36000000	1543822617	42.8839615833	41.821699142456055
3 45 85000000	3730168063	43.8843301529	117.02552795410156
3 46 20000000	897684679	44.8842339500	26.243359088897705
3 47 82000000	3762528442	45.8844931951	112.7157530784607
3 48 105000000	4922873148	46.8845061714	151.54727482795715
3 49 35000000	1675942300	47.8840657143	51.71494197845459
3 50 82000000	4008528777	48.8844972805	123.49013185501099
3 51 8000000	399073044	49.8841305000	12.220898866653442
3 52 27000000	1373903354	50.8853094074	42.502326011657715
3 53 35000000	1815939514	51.8839861143	55.37527012825012
3 54 27000000	1427879243	52.8844164074	45.77058005332947
3 55 56000000	3017535274	53.8845584643	91.5675060749054
3 56 148000000	8122899577	54.8844566014	248.65077209472656
3 57 40000000	2235382752	55.8845688000	67.35037302970886
3 58 11000000	625729693	56.8845175455	18.84227705001831
3 59 19000000	1099798902	57.8841527368	33.156546115875244
3 60 93000000	5476248406	58.8843914624	165.7960250377655
3 61 90000000	5389609113	59.8845457000	163.4008870124817
3 62 48000000	2922470766	60.8848076250	87.66232514381409
3 63 45000000	2784792759	61.8842835333	83.31360292434692
3 64 110000000	6917294759	62.8844978091	212.32236909866333
3 65 113000000	7218930011	63.8843363805	223.3639199733734
3 66 130000000	8434960416	64.8843108923	256.28791999816895
3 67 32000000	2108295988	65.8842496250	61.35689401626587
3 68 47000000	3143573195	66.8845360638	93.64450907707214
3 69 64000000	4344606228	67.8844723125	128.83860516548157
3 70 65000000	4477476238	68.8842498154	133.54166984558105
3 71 37000000	2585726919	69.8845113243	76.43777179718018
3 72 91000000	6450450893	70.8840757473	193.49463295936584
3 73 65000000	4672476932	71.8842604923	144.15651893615723
3 74 36000000	2623819393	72.8838720278	77.80901288986206
3 75 40000000	2955379739	73.8844934750	86.754319190979
3 76 60000000	4493078524	74.8846420667	134.30842113494873
3 77 36000000	2731855063	75.8848628611	80.4380350112915
3 78 60000000	4613053454	76.8842242333	135.57015109062195
3 79 120000000	9346153389	77.8846115750	277.78325390815735
3 80 50000000	3944192716	78.8838543200	117.73584508895874
3 81 84000000	6710256376	79.8840044762	196.68535995483398
3 82 61000000	4933930778	80.8841111148	146.60540199279785
3 83 52000000	4257987217	81.8843695577	124.75072693824768
3 84 91000000	7542500018	82.8846155824	223.21149682998657
3 85 39000000	3271491880	83.8844071795	95.4105019569397
3 86 90000000	7639587415	84.8843046111	222.3628900051117
3 87 43000000	3693034650	85.8845267442	108.03578305244446
3 88 73000000	6342564842	86.8844498904	188.03433108329773
3 89 40000000	3515383738	87.8845934500	102.39387512207031
3 90 47000000	4177560656	88.8842692766	122.08788895606995
3 91 5000000	449421230	89.8842460000	13.834826946258545
3 92 82000000	7452482928	90.8839381463	217.65736484527588
3 93 66000000	6064360112	91.8842441212	178.2967369556427
3 94 98000000	9102674442	92.8844330816	269.3923490047455
3 95 54000000	5069750350	93.8842657407	147.1545171737671
3 96 52000000	4933988837	94.8844007115	147.40588998794556
3 97 70000000	6711924225	95.8846317857	195.41710209846497
3 99 9000000	880952569	97.8836187778	25.38117003440857
3 100 77000000	7614075743	98.8841005584	220.48979711532593
4 20 104000000	2019874539	19.4218705673	62.33895993232727
4 21 78000000	1592902945	20.4218326282	48.81913781166077
4 22 7000000	149954643	21.4220918571	4.585637092590332
4 23 33000000	739917750	22.4217500000	22.483229160308838
4 24 35000000	819764307	23.4218373429	24.856971979141235
4 25 43000000	1050132846	24.4216940930	31.539804935455322
4 26 49000000	1245672082	25.4218792245	37.19185709953308
4 27 23000000	607703302	26.4218826957	17.973285913467407
4 28 43000000	1179141801	27.4219023488	34.746427059173584
4 29 46000000	1307418799	28.4221478043	38.29904007911682
4 30 33000000	970920887	29.4218450606	28.962127923965454
4 31 85000000	2585853790	30.4218092941	77.71066093444824
4 32 19000000	597008558	31.4215030526	18.31214714050293
4 33 49000000	1588658174	32.4215953878	48.074278116226196
4 34 63000000	2105511102	33.4208111429	63.2843918800354
4 35 75000000	2581391341	34.4185512133	78.23951315879822
4 36 36000000	1275113389	35.4198163611	38.45617699623108
4 37 42000000	1529660047	36.4204773095	45.79827308654785
4 38 44000000	1646544144	37.4214578182	49.45862412452698
4 39 95000000	3650075577	38.4218481789	108.90858101844788
4 40 36000000	1419182608	39.4217391111	43.56436586380005
4 41 26000000	1050968225	40.4218548077	32.73387694358826
4 42 68000000	2816669480	41.4216100000	85.2803680896759
4 43 22000000	933281226	42.4218739091	27.590198040008545
4 44 52000000	2257944482	43.4220092692	67.4521222114563
4 45 50000000	2221098445	44.4219689000	67.04597210884094
4 46 39000000	1771458933	45.4220239231	52.47803592681885
4 47 43000000	1996141066	46.4218852558	58.408891916275024
4 48 74000000	3509207287	47.4217200946	104.06159901618958
4 49 35000000	1694757247	48.4216356286	51.53210210800171
4 50 54000000	2668789009	49.4220186852	78.21838188171387
4 51 8000000	403378462	50.4223077500	11.365365982055664
4 52 51000000	2622515196	51.4218665882	76.28617691993713
4 53 29000000	1520229379	52.4217027241	44.01060605049133
4 54 15000000	801322280	53.4214853333	23.144996166229248
4 55 43000000	2340145596	54.4219906047	67.29015684127808
4 56 63000000	3491578337	55.4218783651	99.44463801383972
4 57 67000000	3780267838	56.4219080299	109.5292751789093
4 58 62000000	3560133713	57.4215115000	101.67844104766846
4 59 20000000	1168439227	58.4219613500	33.24757409095764
4 60 51000000	3030510139	59.4217674314	86.15836906433105
4 61 50000000	3021090207	60.4218041400	85.65975379943848
4 62 33000000	2026931477	61.4221659697	57.57868504524231
4 63 29000000	1810230980	62.4217579310	51.284985065460205
4 64 50000000	3171085245	63.4217049000	89.90414595603943
4 65 50000000	3221106383	64.4221276600	90.22665691375732
4 66 75000000	4906652663	65.4220355067	139.4931149482727
4 67 32000000	2125500259	66.4218830937	61.561036825180054
4 68 109000000	7348980623	67.4218405780	208.35873699188232
4 69 12000000	821068199	68.4223499167	23.381844997406006
4 70 32000000	2221497351	69.4217922187	62.61919689178467
4 71 62000000	4366139382	70.4216029355	124.33843898773193
4 72 14000000	999906692	71.4219065714	27.894413948059082
4 73 13000000	941478414	72.4214164615	26.64852499961853
4 74 28000000	2055808912	73.4217468571	57.27073097229004
4 75 13000000	967485452	74.4219578462	26.814677000045776
4 76 62000000	4676153370	75.4218285484	130.42481017112732
4 77 31000000	2369070604	76.4216323871	65.49546194076538
4 78 62000000	4800169095	77.4220821774	134.09852504730225
4 79 75000000	5881603329	78.4213777200	166.0559868812561
4 80 98000000	7783353113	79.4219705408	216.5320689678192
4 81 12000000	965065084	80.4220903333	26.60262703895569
4 82 65000000	5292425643	81.4219329692	146.17745113372803
4 83 33000000	2719918220	82.4217642424	74.91644501686096
4 84 76000000	6340046781	83.4216681711	173.07951879501343
4 85 68000000	5740680471	84.4217716324	160.59955382347107
4 86 87000000	7431686678	85.4216859540	206.01798009872437
4 87 87000000	7518696084	86.4217940690	208.3095362186432
4 88 3000000	262263360	87.4211200000	7.236182928085327
4 89 44000000	3890567667	88.4219924318	106.43835401535034
4 90 38000000	3398026298	89.4217446842	94.91441893577576
4 91 36000000	3255192535	90.4220148611	89.39063692092896
4 92 33000000	3016926905	91.4220274242	82.07438516616821
4 93 24000000	2218126868	92.4219528333	60.644110918045044
4 94 76000000	7100071133	93.4219885921	196.65358209609985
4 95 46000000	4343406548	94.4218814783	120.5473940372467
4 96 64000000	6107002729	95.4219176406	169.53555393218994
4 97 22000000	2121280690	96.4218495455	57.33351397514343
4 99 12000000	1181064073	98.4220060833	32.775426149368286
4 100 17000000	1690174688	99.4220404706	46.19842791557312
5 20 63000000	1235907774	19.6175837143	37.61713099479675
5 21 46000000	948405433	20.6175094130	28.096413135528564
5 22 38000000	821478793	21.6178629737	24.029258966445923
5 23 39000000	882081156	22.6174655385	26.288657188415527
5 24 49000000	1157275998	23.6178775102	34.38392901420593
5 25 22000000	541583545	24.6174338636	16.164342880249023
5 26 46000000	1178412642	25.6176661304	34.72036099433899
5 27 76000000	2022956008	26.6178422105	58.56617093086243
5 28 41000000	1132325200	27.6176878049	32.38901209831238
5 29 76000000	2174941057	28.6176454868	62.036370038986206
5 30 33000000	977388343	29.6178285758	27.550537824630737
5 31 46000000	1408419053	30.6178055000	42.67658805847168
5 32 22000000	695590472	31.6177487273	20.767375946044922
5 33 124000000	4044592606	32.6176823065	123.65224003791809
5 34 31000000	1042144058	33.6175502581	30.643996000289917
5 35 35000000	1211611893	34.6174826571	35.37893295288086
5 36 10000000	356178178	35.6178178000	10.126118898391724
5 37 42000000	1537939315	36.6176027381	44.62236714363098
5 38 32000000	1203764594	37.6176435625	34.75223898887634
5 39 58000000	2239835069	38.6178460172	65.50874185562134
5 40 49000000	1941258839	39.6175273265	55.71178913116455
5 41 26000000	1056060149	40.6176980385	30.528100967407227
5 42 15000000	624265173	41.6176782000	17.935383081436157
5 43 27000000	1150676836	42.6176605926	33.28455686569214
5 44 28000000	1221292994	43.6176069286	34.81340479850769
5 45 45000000	2007801656	44.6178145778	58.36437106132507
5 46 9000000	410559237	45.6176930000	11.660403966903687
5 47 47000000	2191037729	46.6178240213	61.94491910934448
5 48 61000000	2904680105	47.6177066393	81.7964460849762
5 49 43000000	2090565367	48.6177992326	59.44366693496704
5 50 37000000	1835856997	49.6177566757	51.653748989105225
5 51 58000000	2935833357	50.6178165000	82.72061705589294
5 52 37000000	1909856043	51.6177308919	53.64313101768494
5 53 22000000	1157592590	52.6178450000	32.32434320449829
5 54 9000000	482563879	53.6182087778	13.537430047988892
5 55 65000000	3550141914	54.6175679077	100.47794008255005
5 56 41000000	2280320550	55.6175743902	63.665467977523804
5 57 47000000	2661029844	56.6176562553	72.91895198822021
5 58 43000000	2477563665	57.6177596512	69.26443886756897
5 59 12000000	703411747	58.6176455833	19.432358026504517
5 60 47000000	2802029804	59.6176554043	77.11801195144653
5 61 39000000	2364096070	60.6178479487	64.9299988746643
5 62 43000000	2649558864	61.6176480000	72.64164304733276
5 63 72000000	4508487692	62.6178846111	124.59957003593445
5 64 17000000	1081500924	63.6177014118	29.471808195114136
5 65 26000000	1680053890	64.6174573077	46.06579089164734
5 66 20000000	1312362157	65.6181078500	35.95056915283203
5 67 13000000	866031437	66.6178028462	23.63752293586731
5 68 21000000	1419973770	67.6177985714	40.0290150642395
5 69 2000000	137234495	68.6172475000	3.6945078372955322
5 70 11000000	765796696	69.6178814545	21.184159994125366
5 71 63000000	4448909657	70.6176136032	120.1904821395874
5 72 38000000	2721476631	71.6178060789	75.78088712692261
5 73 40000000	2904705609	72.6176402250	79.24291205406189
5 74 47000000	3460027265	73.6176013830	93.67817306518555
5 75 27000000	2014677317	74.6176784074	55.910884857177734
5 76 30000000	2268528680	75.6176226667	62.27913784980774
5 77 21000000	1608975827	76.6178965238	44.58465385437012
5 78 110000000	8537946137	77.6176921545	206.39127111434937
5 79 37000000	2908856849	78.6177526757	80.85077500343323
5 80 67000000	5334374134	79.6175243881	142.78963780403137
5 81 44000000	3547180359	80.6177354318	96.19682002067566
5 82 25000000	2040435320	81.6174128000	55.638322830200195
5 83 61000000	5039690751	82.6178811639	133.5940990447998
5 84 40000000	3344706137	83.6176534250	92.53032898902893
5 85 80000000	6769413935	84.6176741875	179.35423803329468
5 86 60000000	5137069426	85.6178237667	131.99128890037537
5 87 33000000	2858386291	86.6177663939	76.38545489311218
5 88 48000000	4205660576	87.6179286667	108.85350298881531
5 89 36000000	3190232543	88.6175706389	72.89987683296204
5 90 55000000	4928971116	89.6176566545	123.55145502090454
5 91 27000000	2446682919	90.6178858889	65.00463104248047
5 92 55000000	5038981230	91.6178405455	116.5308108329773
5 93 53000000	4908733501	92.6176132264	114.37547087669373
5 94 11000000	1029792900	93.6175363636	27.5700900554657
5 95 39000000	3690101957	94.6179988974	87.68664908409119
5 96 33000000	3155389320	95.6178581818	77.42127895355225
5 97 65000000	6280163841	96.6179052462	124.10722994804382
5 99 62000000	6114305830	98.6178359677	118.383924007415777
5 100 43000000	4283559148	99.6176546047	97.4011778831482