2 2 6
2 3 18
2 4 46
2 5 116
2 6 270
2 7 630
2 8 1426
2 9 3216
2 10 7142
2 11 15802
2 12 34632
2 13 75602
2 14 163948
2 15 354164
2 16 761356
2 17 1631028
2 18 3480628
2 19 7405136
2 20 15705548
2 21 33221928
2 22 70092156
2 23 147543964
2 24 309899458
2 25 649622148
2 26 1359206612
2 27 2838984054
2 28 5920189192
2 29 12326949116
2 30 25630729672
2 31 53222248014
2 32 110378764928
2 33 228650272644
2 34 473129986362
2 35 978002189380
2 36 2019642251100
2 37 4166850556784
2 38 8589373255578
2 39 17691112740860
2 40 36408873796460
3 2 15
3 3 69
3 4 273
3 5 1041
3 6 3759
3 7 13329
3 8 46101
3 9 157269
3 10 528801
3 11 1760097
3 12 5802603
3 13 18986415
3 14 61702959
3 15 199388061
3 16 641046027
3 17 2051979123
3 18 6542674077
3 19 20789025453
4 2 28
4 3 172
4 4 916
4 5 4648
4 6 22468
4 7 105940
4 8 487948
4 9 2211832
4 10 9888196
4 11 43734484
4 12 191672968
4 13 833730556
4 14 3603136888
4 15 15485913016
4 16 66237503800
4 17 282127949896
4 18 1197225766984
4 19 5063771325064
5 2 45
5 3 345
5 4 2305
5 5 14585
5 6 88125
5 7 518145
5 8 2978185
5 9 16839225
5 10 93940025
5 11 518493745
5 12 2836467285
5 13 15402811685
5 14 83116687525
5 15 446099571305
5 16 2383080415525
5 17 12678332753085
5 18 67206329729665
5 19 355105083253385
