2 2 2
2 3 6
2 4 16
2 5 36
2 6 82
2 7 176
2 8 372
2 9 768
2 10 1582
2 11 3224
2 12 6534
2 13 13166
2 14 26504
2 15 53244
2 16 106824
2 17 214060
2 18 428764
2 19 858400
2 20 1718056
2 21 3437734
2 22 6877896
2 23 13759154
2 24 27523128
2 25 55052582
2 26 110114618
2 27 220242288
2 28 55555625 
2 28 55555625 
2 28 44696061 
2 28 63419890 
2 28 44696061 
2 28 63419890 
2 28 56580065 
2 28 56580065 
2 29 111113900 
2 29 113163109 
2 29 89395551 
2 29 89395551 
2 29 113163109 
2 29 111113900 
2 29 126843297 
2 29 126843297 
2 30 222232905 
2 30 226330981 
2 30 226330981 
2 30 222232905 
2 30 178797482 
2 30 253688813 
2 30 178797482 
2 30 253688813
2 31 452668154 
2 31 452668154 
2 31 357601765 
2 31 444471027 
2 31 507384863 
2 31 444471027 
2 31 357601765 
2 31 507384863 
2 32 888952419 
2 32 888952419 
2 32 1014774213 
2 32 715216002 
2 32 905345728 
2 32 1014774213 
2 32 715216002 
2 32 905345728 
2 33 1777915306 
2 33 1810703428 
2 33 1810703428 
2 33 1430445504 
2 33 1430445504 
2 33 1777915306 
2 33 2029562507 
2 33 2029562507 
2 34 3621425570 
2 34 3621425570 
2 34 3555851022 
2 34 2860916047 
2 34 3555851022 
2 34 2860916047 
2 34 4059133853 
2 34 4059133853 
2 35 7111722794 
2 35 7242875602 
2 35 7242875602 
2 35 5721859008 
2 35 5721859008 
2 35 7111722794 
2 35 8118296374 
2 35 8118296374 
3 2 3
3 3 12
3 4 45
3 5 144
3 6 465
3 7 1434
3 8 4395
3 9 13296
3 10 40185
3 11 120930
3 12 363603
3 13 1091784
3 14 3277803
3 15 9836580
3 16 29516793
3 17 88559244
3 18 265698711
4 2 4
4 3 20
4 4 96
4 5 400
4 6 1676
4 7 6792
4 8 27448
4 9 110120
4 10 441636
4 11 1767952
4 12 7076108
4 13 28309548
4 14 113255464
4 15 24976766
4 15 24976766
4 15 29428008
4 15 29428008
4 15 29428008
4 15 29428008
4 15 29428008
4 15 29428008
4 15 24976766
4 15 29428008
4 15 29428008
4 15 29428008
4 15 29428008
4 15 29428008
4 15 29428008
4 15 24976766
4 16 99912192
4 16 117715932
4 16 99912192
4 16 117715932
4 16 117715932
4 16 117715932
4 16 117715932
4 16 117715932
4 16 117715932
4 16 117715932
4 16 117715932
4 16 117715932
4 16 99912192
4 16 117715932
4 16 99912192
4 16 117715932
4 17 399653413
4 17 470869031
4 17 470869031
4 17 470869031
4 17 470869031
4 17 470869031
4 17 399653413
4 17 470869031
4 17 399653413
4 17 399653413
4 17 470869031
4 17 470869031
4 17 470869031
4 17 470869031
4 17 470869031
4 17 470869031
5 2 5
5 3 30
5 4 175
5 5 900
5 6 4645
5 7 23390
5 8 117615
5 9 588840
5 10 2947585
5 11 14741930
5 12 73725675
5 13 368647100
5 14 75763109 
5 14 65610737 
5 14 75763109 
5 14 75763109 
5 14 65610737 
5 14 75763109 
5 14 75763109 
5 14 75763109 
5 14 65610737 
5 14 75763109 
5 14 75763109 
5 14 75763109 
5 14 75763109 
5 14 75763109 
5 14 75763109 
5 14 75763109 
5 14 65610737 
5 14 75763109 
5 14 75763109 
5 14 75763109 
5 14 75763109 
5 14 75763109 
5 14 65610737 
5 14 75763109 
5 14 75763109
5 15 378819471
5 15 378819471
5 15 378819471
5 15 328057134
5 15 328057134
5 15 378819471
5 15 378819471
5 15 378819471
5 15 378819471
5 15 378819471
5 15 378819471
5 15 378819471
5 15 378819471
5 15 378819471
5 15 328057134
5 15 378819471
5 15 328057134
5 15 378819471
5 15 378819471
5 15 378819471
5 15 378819471
5 15 378819471
5 15 328057134
5 15 378819471
5 15 378819471
5 16 1640304387
5 16 1894112451
5 16 1894112451
5 16 1894112451
5 16 1894112451
5 16 1894112451
5 16 1640304387
5 16 1640304387
5 16 1894112451
5 16 1894112451
5 16 1894112451
5 16 1894112451
5 16 1894112451
5 16 1894112451
5 16 1894112451
5 16 1894112451
5 16 1894112451
5 16 1640304387
5 16 1894112451
5 16 1894112451
5 16 1640304387
5 16 1894112451
5 16 1894112451
5 16 1894112451
5 16 1894112451
5 17 9470581491 
5 17 8201538860 
5 17 9470581491 
5 17 9470581491 
5 17 9470581491 
5 17 9470581491 
5 17 9470581491 
5 17 9470581491 
5 17 9470581491 
5 17 8201538860 
5 17 9470581491 
5 17 9470581491 
5 17 9470581491 
5 17 9470581491 
5 17 9470581491 
5 17 8201538860 
5 17 9470581491 
5 17 8201538860 
5 17 9470581491 
5 17 9470581491 
5 17 8201538860 
5 17 9470581491 
5 17 9470581491 
5 17 9470581491 
5 17 9470581491 