ALPHABET	LENGTH	SUM	PERIOD_BORDERLESS_DIFF	TIME
2	2	0	0.00
2	3	0	0.00
2	4	0	0.00
2	4	0	0.01
2	4	0	0.01
2	4	0	0.01
2	4	0	0.01
2	4	0	0.01
2	4	0	0.01
2	4	0	0.01
2	4	0	0.01
2	4	0	0.00
2	4	0	0.01
2	4	0	0.01
2	4	0	0.00
2	4	0	0.00
2	4	0	0.00
2	4	0	0.00
2	5	0	0.01
2	5	0	0.01
2	5	0	0.01
2	5	0	0.00
2	5	0	0.00
2	5	0	0.01
2	5	0	0.01
2	5	0	0.01
2	5	0	0.01
2	5	0	0.00
2	5	0	0.01
2	5	0	0.01
2	5	0	0.01
2	5	0	0.01
2	5	0	0.01
2	5	0	0.01
2	6	0	0.01
2	6	0	0.00
2	6	0	0.01
2	6	0	0.01
2	6	0	0.01
2	6	0	0.01
2	6	0	0.00
2	6	0	0.00
2	6	0	0.00
2	6	0	0.00
2	6	0	0.01
2	6	0	0.01
2	6	0	0.01
2	6	0	0.00
2	6	0	0.00
2	6	0	0.00
2	7	0	0.00
2	7	0	0.00
2	7	0	0.00
2	7	0	0.00
2	7	0	0.01
2	7	0	0.01
2	7	0	0.01
2	7	0	0.01
2	7	0	0.01
2	7	0	0.00
2	7	0	0.01
2	7	0	0.00
2	7	0	0.01
2	7	0	0.01
2	7	0	0.01
2	7	0	0.00
2	8	0	0.01
2	8	0	0.01
2	8	1	0.01
2	8	0	0.01
2	8	0	0.01
2	8	1	0.01
2	8	0	0.01
2	8	0	0.01
2	8	0	0.01
2	8	1	0.00
2	8	0	0.01
2	8	1	0.01
2	8	0	0.01
2	8	0	0.00
2	8	0	0.00
2	8	0	0.00
2	9	0	0.00
2	9	0	0.01
2	9	2	0.01
2	9	0	0.01
2	9	3	0.01
2	9	1	0.01
2	9	0	0.00
2	9	0	0.01
2	9	0	0.01
2	9	0	0.01
2	9	1	0.01
2	9	0	0.01
2	9	2	0.01
2	9	3	0.01
2	9	0	0.00
2	9	0	0.00
2	10	2	0.00
2	10	5	0.00
2	10	0	0.00
2	10	0	0.01
2	10	8	0.01
2	10	0	0.01
2	10	0	0.00
2	10	0	0.00
2	10	2	0.00
2	10	2	0.01
2	10	0	0.01
2	10	8	0.01
2	10	5	0.00
2	10	2	0.01
2	10	0	0.00
2	10	0	0.01
2	11	0	0.00
2	11	5	0.00
2	11	1	0.01
2	11	0	0.01
2	11	17	0.01
2	11	10	0.01
2	11	6	0.00
2	11	2	0.01
2	11	2	0.01
2	11	6	0.01
2	11	0	0.00
2	11	17	0.01
2	11	1	0.00
2	11	10	0.00
2	11	5	0.00
2	11	0	0.00
2	12	7	0.00
2	12	3	0.00
2	12	22	0.00
2	12	38	0.01
2	12	13	0.01
2	12	16	0.00
2	12	5	0.01
2	12	4	0.00
2	12	4	0.00
2	12	16	0.01
2	12	5	0.01
2	12	22	0.00
2	12	7	0.00
2	12	13	0.01
2	12	38	0.01
2	12	3	0.00
2	13	8	0.00
2	13	27	0.00
2	13	44	0.00
2	13	83	0.01
2	13	20	0.01
2	13	17	0.01
2	13	40	0.01
2	13	14	0.01
2	13	14	0.01
2	13	40	0.01
2	13	20	0.01
2	13	83	0.01
2	13	44	0.01
2	13	17	0.01
2	13	27	0.01
2	13	8	0.00
2	14	62	0.00
2	14	44	0.01
2	14	26	0.01
2	14	180	0.00
2	14	86	0.01
2	14	46	0.01
2	14	31	0.01
2	14	96	0.01
2	14	31	0.00
2	14	46	0.01
2	14	96	0.01
2	14	86	0.01
2	14	62	0.01
2	14	44	0.01
2	14	180	0.01
2	14	26	0.01
2	15	129	0.01
2	15	58	0.01
2	15	192	0.01
2	15	93	0.01
2	15	82	0.01
2	15	105	0.01
2	15	367	0.01
2	15	188	0.01
2	15	105	0.01
2	15	188	0.01
2	15	82	0.01
2	15	367	0.01
2	15	93	0.01
2	15	192	0.01
2	15	129	0.01
2	15	58	0.00
2	16	277	0.01
2	16	142	0.01
2	16	208	0.01
2	16	227	0.01
2	16	767	0.01
2	16	409	0.01
2	16	177	0.01
2	16	395	0.01
2	16	177	0.01
2	16	409	0.01
2	16	227	0.01
2	16	208	0.01
2	16	395	0.02
2	16	767	0.01
2	16	277	0.01
2	16	142	0.01
2	17	300	0.02
2	17	430	0.02
2	17	820	0.02
2	17	574	0.02
2	17	1567	0.02
2	17	498	0.02
2	17	842	0.02
2	17	405	0.02
2	17	498	0.02
2	17	1567	0.02
2	17	842	0.02
2	17	405	0.02
2	17	820	0.02
2	17	430	0.02
2	17	300	0.02
2	17	574	0.02
2	18	1702	0.03
2	18	1039	0.03
2	18	940	0.04
2	18	663	0.04
2	18	1194	0.04
2	18	3209	0.04
2	18	850	0.04
2	18	1736	0.05
2	18	1736	0.04
2	18	3209	0.04
2	18	850	0.05
2	18	940	0.04
2	18	1039	0.05
2	18	1702	0.04
2	18	1194	0.03
2	18	663	0.03
2	19	1932	0.08
2	19	3411	0.09
2	19	6482	0.09
2	19	1367	0.09
2	19	2182	0.09
2	19	3590	0.09
2	19	2428	0.09
2	19	1823	0.09
2	19	6482	0.09
2	19	1823	0.09
2	19	3411	0.09
2	19	2182	0.09
2	19	3590	0.09
2	19	1932	0.09
2	19	1367	0.06
2	19	2428	0.07
2	20	2888	0.18
2	20	3747	0.18
2	20	7302	0.19
2	20	4469	0.18
2	20	4042	0.19
2	20	13148	0.19
2	20	4944	0.19
2	20	4469	0.19
2	20	6977	0.19
2	20	7302	0.19
2	20	3747	0.19
2	20	6977	0.19
2	20	4042	0.19
2	20	13148	0.19
2	20	2888	0.14
2	20	4944	0.14
2	21	3953	0.12
2	21	15205	0.12
2	21	1921	0.16
2	21	2469	0.16
2	21	5176	0.16
2	21	7527	0.16
2	21	3004	0.17
2	21	7659	0.17
2	21	6320	0.17
2	21	3624	0.17
2	21	5561	0.17
2	21	11240	0.17
2	21	4615	0.16
2	21	10267	0.16
2	21	5348	0.16
2	21	2440	0.17
2	21	5348	0.17
2	21	15205	0.16
2	21	5561	0.16
2	21	3624	0.16
2	21	4615	0.17
2	21	2440	0.17
2	21	11240	0.16
2	21	10267	0.17
2	21	6320	0.12
2	21	7659	0.13
2	21	5176	0.12
2	21	3004	0.12
2	21	2469	0.11
2	21	7527	0.14
2	21	1921	0.13
2	21	3953	0.14
2	22	4030	0.25
2	22	15120	0.26
2	22	15489	0.26
2	22	6173	0.26
2	22	5065	0.27
2	22	12853	0.27
2	22	4991	0.26
2	22	8061	0.34
2	22	10565	0.34
2	22	30643	0.35
2	22	11297	0.35
2	22	22658	0.36
2	22	7288	0.36
2	22	20678	0.36
2	22	10852	0.36
2	22	9356	0.36
2	22	4991	0.35
2	22	10852	0.36
2	22	9356	0.35
2	22	20678	0.36
2	22	11297	0.35
2	22	22658	0.36
2	22	7288	0.36
2	22	30643	0.36
2	22	15489	0.27
2	22	10565	0.25
2	22	12853	0.26
2	22	5065	0.25
2	22	8061	0.25
2	22	15120	0.26
2	22	6173	0.27
2	22	4030	0.26
2	23	8198	0.54
2	23	41613	0.55
2	23	19036	0.63
2	23	21998	0.63
2	23	31009	0.65
2	23	22827	0.72
2	23	14852	0.72
2	23	45481	0.72
2	23	61426	0.72
2	23	30372	0.75
2	23	10282	0.75
2	23	16192	0.75
2	23	61426	0.72
2	23	45481	0.72
2	23	25771	0.75
2	23	21302	0.75
2	23	12374	0.75
2	23	10349	0.75
2	23	21998	0.75
2	23	10349	0.75
2	23	41613	0.75
2	23	19036	0.76
2	23	22827	0.76
2	23	14852	0.76
2	23	25771	0.54
2	23	31009	0.59
2	23	30372	0.54
2	23	12374	0.56
2	23	21302	0.57
2	23	16192	0.53
2	23	8198	0.54
2	23	10282	0.55
2	24	16812	1.15
2	24	32734	1.18
2	24	60885	1.18
2	24	62416	1.17
2	24	123374	1.23
2	24	44342	1.41
2	24	43065	1.43
2	24	20876	1.52
2	24	38343	1.54
2	24	25139	1.62
2	24	91319	1.62
2	24	46029	1.62
2	24	29803	1.61
2	24	51999	1.64
2	24	83541	1.63
2	24	38343	1.63
2	24	20971	1.63
2	24	83541	1.64
2	24	29803	1.64
2	24	123374	1.63
2	24	46029	1.63
2	24	20971	1.64
2	24	44342	1.64
2	24	91319	1.67
2	24	62416	1.14
2	24	51999	1.16
2	24	43065	1.16
2	24	25139	1.20
2	24	60885	1.26
2	24	32734	1.14
2	24	20876	1.18
2	24	16812	1.12
2	25	50331	2.52
2	25	89360	2.56
2	25	33932	2.65
2	25	122079	2.80
2	25	65597	2.82
2	25	86507	2.86
2	25	104157	3.22
2	25	167681	3.23
2	25	60243	3.23
2	25	183022	3.37
2	25	124911	3.37
2	25	247052	3.37
2	25	92591	3.36
2	25	60243	3.37
2	25	92591	3.37
2	25	42788	3.44
2	25	42092	3.46
2	25	167681	3.45
2	25	77453	3.45
2	25	247052	3.45
2	25	183022	3.46
2	25	89360	3.48
2	25	42788	3.48
2	25	77453	3.49
2	25	50331	2.51
2	25	124911	2.64
2	25	104157	2.60
2	25	86507	2.45
2	25	122079	2.45
2	25	42092	2.58
2	25	33932	2.36
2	25	65597	2.47
2	26	68754	5.37
2	26	250743	5.39
2	26	185958	6.89
2	26	366846	6.89
2	26	155531	6.97
2	26	155531	6.97
2	26	86209	6.99
2	26	336070	7.00
2	26	495251	7.01
2	26	120723	7.20
2	26	84839	7.22
2	26	131945	7.22
2	26	120723	7.23
2	26	179451	7.23
2	26	336070	7.23
2	26	179451	7.23
2	26	86209	7.23
2	26	101564	7.25
2	26	244466	7.25
2	26	174037	7.25
2	26	209309	7.25
2	26	495251	7.24
2	26	366846	7.35
2	26	185958	7.35
2	26	250743	5.31
2	26	209309	5.29
2	26	68754	5.07
2	26	174037	5.19
2	26	101564	5.22
2	26	131945	5.16
2	26	84839	5.21
2	26	244466	5.21
2	27	489662	11.47
2	27	991090	11.50
2	27	373017	13.66
2	27	312714	13.69
2	27	138176	14.46
2	27	734505	14.77
2	27	734505	14.80
2	27	418955	14.85
2	27	348857	14.85
2	27	673375	15.03
2	27	264151	15.15
2	27	170420	15.15
2	27	203260	15.43
2	27	991090	15.49
2	27	242782	15.50
2	27	673375	15.50
2	27	373017	15.50
2	27	174247	15.55
2	27	312714	15.55
2	27	360336	15.55
2	27	360336	15.57
2	27	174247	15.57
2	27	501678	15.59
2	27	242782	15.59
2	27	501678	11.03
2	27	418955	11.05
2	27	203260	10.99
2	27	348857	11.78
2	27	138176	10.70
2	27	489662	11.17
2	27	170420	11.29
2	27	264151	11.30
2	28	626760	26.17
2	28	486118	30.47
2	28	747664	30.47
2	28	1005407	30.47
2	28	349960	31.05
2	28	342198	31.47
2	28	278219	31.47
2	28	529970	31.47
2	28	1348270	31.52
2	28	626760	31.52
2	28	349960	31.68
2	28	722289	31.68
2	28	1470718	32.11
2	28	840053	32.11
2	28	408494	32.11
2	28	1984584	32.11
2	28	699839	32.11
2	28	1984584	32.17
2	28	1470718	32.17
2	28	980020	32.37
2	28	486118	32.35
2	28	747664	32.35
2	28	722289	32.97
2	28	1348270	32.97
2	28	1005407	24.40
2	28	699839	23.69
2	28	408494	23.97
2	28	840053	23.98
2	28	278219	23.28
2	28	980020	23.87
2	28	342198	23.67
2	28	529970	23.67
2	29	1401248	51.86
2	29	975223	52.61
2	29	703898	59.08
2	29	557860	65.41
2	29	703898	65.42
2	29	1257069	65.42
2	29	1961680	66.41
2	29	2943235	67.35
2	29	817238	67.37
2	29	3970506	67.57
2	29	1497726	68.15
2	29	2699283	68.71
2	29	975223	68.71
2	29	1257069	69.62
2	29	2699283	69.62
2	29	685959	69.74
2	29	1060480	69.74
2	29	1447669	69.81
2	29	1447669	69.81
2	29	2943235	69.92
2	29	1497726	69.93
2	29	3970506	70.00
2	29	1680810	70.00
2	29	2011261	70.00
2	29	2011261	50.29
2	29	1680810	50.72
2	29	817238	50.12
2	29	1961680	49.72
2	29	685959	50.12
2	29	1401248	50.31
2	29	1060480	49.81
2	29	557860	49.16
2	30	2898825	113.05
2	30	1410987	114.29
2	30	1638827	125.65
2	30	2807093	125.65
2	30	3924772	126.84
2	30	1410987	127.51
2	30	5401855	127.55
2	30	4026942	129.46
2	30	1119613	139.53
2	30	2898825	140.58
2	30	2516962	140.58
2	30	7945998	141.36
2	30	1374646	143.69
2	30	2124542	143.69
2	30	5401855	143.69
2	30	3366242	144.40
2	30	5890014	146.54
2	30	7945998	146.54
2	30	1951712	146.89
2	30	5890014	147.39
2	30	2998805	147.39
2	30	1951712	147.58
2	30	2998805	147.58
2	30	2516962	147.66
2	30	4026942	108.64
2	30	3366242	111.89
2	30	1374646	106.06
2	30	1119613	104.35
2	30	1638827	108.80
2	30	3924772	108.42
2	30	2124542	108.39
2	30	2807093	111.44
3	2	0	0.00
3	3	0	0.00
3	3	0	0.01
3	3	0	0.01
3	3	0	0.01
3	3	0	0.00
3	3	0	0.01
3	3	0	0.01
3	3	0	0.01
3	3	0	0.01
3	3	0	0.01
3	3	0	0.01
3	3	0	0.01
3	3	0	0.01
3	3	0	0.00
3	3	0	0.01
3	3	0	0.01
3	3	0	0.01
3	3	0	0.01
3	3	0	0.01
3	3	0	0.00
3	3	0	0.01
3	3	0	0.00
3	3	0	0.01
3	3	0	0.01
3	3	0	0.01
3	3	0	0.01
3	3	0	0.01
3	4	0	0.01
3	4	0	0.00
3	4	0	0.01
3	4	0	0.00
3	4	0	0.00
3	4	0	0.01
3	4	0	0.01
3	4	0	0.01
3	4	0	0.01
3	4	0	0.01
3	4	0	0.00
3	4	0	0.00
3	4	0	0.00
3	4	0	0.00
3	4	0	0.00
3	4	0	0.00
3	4	0	0.00
3	4	0	0.00
3	4	0	0.01
3	4	0	0.00
3	4	0	0.00
3	4	0	0.01
3	4	0	0.01
3	4	0	0.00
3	4	0	0.00
3	4	0	0.01
3	4	0	0.01
3	5	0	0.01
3	5	0	0.01
3	5	0	0.01
3	5	0	0.01
3	5	0	0.01
3	5	0	0.01
3	5	0	0.01
3	5	0	0.01
3	5	0	0.01
3	5	0	0.01
3	5	0	0.01
3	5	0	0.01
3	5	0	0.00
3	5	0	0.01
3	5	0	0.00
3	5	0	0.01
3	5	0	0.01
3	5	0	0.00
3	5	0	0.00
3	5	0	0.00
3	5	0	0.00
3	5	0	0.01
3	5	0	0.01
3	5	0	0.01
3	5	0	0.00
3	5	0	0.01
3	5	0	0.01
3	6	0	0.00
3	6	0	0.01
3	6	0	0.01
3	6	0	0.01
3	6	0	0.01
3	6	0	0.01
3	6	0	0.01
3	6	0	0.01
3	6	0	0.01
3	6	0	0.01
3	6	0	0.01
3	6	0	0.01
3	6	0	0.01
3	6	0	0.00
3	6	0	0.00
3	6	0	0.01
3	6	0	0.01
3	6	0	0.01
3	6	0	0.00
3	6	0	0.01
3	6	0	0.00
3	6	0	0.01
3	6	0	0.00
3	6	0	0.01
3	6	0	0.00
3	6	0	0.00
3	6	0	0.00
3	7	0	0.00
3	7	0	0.00
3	7	0	0.00
3	7	0	0.00
3	7	0	0.00
3	7	0	0.01
3	7	0	0.00
3	7	0	0.00
3	7	0	0.01
3	7	0	0.01
3	7	0	0.01
3	7	0	0.01
3	7	0	0.01
3	7	0	0.01
3	7	0	0.01
3	7	0	0.01
3	7	0	0.00
3	7	0	0.01
3	7	0	0.00
3	7	0	0.01
3	7	0	0.01
3	7	0	0.01
3	7	0	0.01
3	7	0	0.00
3	7	0	0.01
3	7	0	0.01
3	7	0	0.01
3	8	2	0.00
3	8	0	0.00
3	8	2	0.00
3	8	2	0.01
3	8	0	0.01
3	8	0	0.01
3	8	0	0.00
3	8	0	0.01
3	8	2	0.01
3	8	0	0.01
3	8	0	0.00
3	8	2	0.01
3	8	2	0.01
3	8	2	0.01
3	8	0	0.01
3	8	0	0.00
3	8	2	0.00
3	8	0	0.01
3	8	0	0.01
3	8	2	0.00
3	8	0	0.01
3	8	0	0.00
3	8	0	0.00
3	8	2	0.01
3	8	0	0.00
3	8	2	0.01
3	8	2	0.00
3	9	6	0.00
3	9	7	0.00
3	9	6	0.01
3	9	0	0.01
3	9	1	0.01
3	9	7	0.00
3	9	0	0.01
3	9	1	0.00
3	9	0	0.01
3	9	1	0.00
3	9	7	0.01
3	9	0	0.01
3	9	6	0.00
3	9	7	0.01
3	9	6	0.01
3	9	0	0.01
3	9	1	0.01
3	9	0	0.01
3	9	1	0.00
3	9	7	0.00
3	9	0	0.00
3	9	0	0.01
3	9	7	0.00
3	9	6	0.01
3	9	1	0.01
3	9	6	0.01
3	9	0	0.00
3	10	22	0.01
3	10	22	0.01
3	10	8	0.01
3	10	25	0.01
3	10	4	0.01
3	10	2	0.01
3	10	4	0.01
3	10	25	0.01
3	10	2	0.01
3	10	25	0.01
3	10	4	0.01
3	10	8	0.01
3	10	22	0.01
3	10	22	0.01
3	10	2	0.01
3	10	2	0.02
3	10	25	0.01
3	10	4	0.00
3	10	4	0.01
3	10	2	0.00
3	10	25	0.00
3	10	2	0.00
3	10	4	0.00
3	10	25	0.01
3	10	22	0.01
3	10	22	0.00
3	10	8	0.00
3	11	28	0.01
3	11	68	0.01
3	11	68	0.01
3	11	76	0.01
3	11	18	0.01
3	11	7	0.01
3	11	7	0.01
3	11	76	0.01
3	11	18	0.01
3	11	68	0.01
3	11	18	0.01
3	11	76	0.01
3	11	28	0.01
3	11	7	0.01
3	11	68	0.01
3	11	7	0.01
3	11	76	0.01
3	11	18	0.01
3	11	7	0.01
3	11	18	0.01
3	11	76	0.01
3	11	18	0.01
3	11	7	0.01
3	11	76	0.01
3	11	68	0.01
3	11	68	0.01
3	11	28	0.01
3	12	116	0.02
3	12	224	0.02
3	12	224	0.02
3	12	64	0.02
3	12	252	0.02
3	12	64	0.02
3	12	32	0.02
3	12	32	0.02
3	12	252	0.03
3	12	252	0.03
3	12	64	0.03
3	12	116	0.02
3	12	32	0.03
3	12	224	0.02
3	12	224	0.02
3	12	32	0.02
3	12	252	0.02
3	12	64	0.02
3	12	64	0.02
3	12	64	0.02
3	12	32	0.02
3	12	252	0.02
3	12	32	0.02
3	12	224	0.02
3	12	116	0.02
3	12	224	0.02
3	12	252	0.02
3	13	104	0.05
3	13	364	0.07
3	13	217	0.07
3	13	679	0.07
3	13	782	0.07
3	13	679	0.07
3	13	782	0.07
3	13	217	0.07
3	13	217	0.07
3	13	104	0.08
3	13	104	0.07
3	13	364	0.07
3	13	782	0.08
3	13	679	0.08
3	13	679	0.07
3	13	217	0.05
3	13	782	0.05
3	13	364	0.05
3	13	104	0.07
3	13	782	0.07
3	13	217	0.07
3	13	104	0.07
3	13	217	0.07
3	13	104	0.07
3	13	679	0.07
3	13	679	0.07
3	13	782	0.07
3	14	2416	0.23
3	14	1212	0.23
3	14	2103	0.23
3	14	2103	0.24
3	14	686	0.23
3	14	350	0.24
3	14	2416	0.24
3	14	350	0.24
3	14	686	0.24
3	14	350	0.24
3	14	686	0.24
3	14	2103	0.24
3	14	1212	0.24
3	14	2416	0.25
3	14	686	0.17
3	14	2103	0.18
3	14	2103	0.17
3	14	350	0.23
3	14	2416	0.23
3	14	686	0.22
3	14	350	0.22
3	14	350	0.23
3	14	2416	0.24
3	14	686	0.24
3	14	2103	0.23
3	14	1212	0.23
3	14	2416	0.24
3	15	7300	0.57
3	15	6324	0.78
3	15	3700	0.78
3	15	2139	0.79
3	15	1081	0.80
3	15	3700	0.79
3	15	2139	0.80
3	15	6324	0.82
3	15	7300	0.82
3	15	2139	0.81
3	15	7300	0.81
3	15	6324	0.81
3	15	1081	0.81
3	15	1081	0.82
3	15	6324	0.70
3	15	1081	0.58
3	15	7300	0.57
3	15	6324	0.56
3	15	2139	0.71
3	15	7300	0.74
3	15	2139	0.73
3	15	1081	0.73
3	15	2139	0.73
3	15	1081	0.76
3	15	7300	0.77
3	15	3700	0.78
3	15	6324	0.78
3	16	22131	2.34
3	16	11494	2.63
3	16	19207	2.63
3	16	19207	2.63
3	16	19207	2.65
3	16	11494	2.65
3	16	6564	2.68
3	16	22131	2.68
3	16	3397	2.68
3	16	3397	2.68
3	16	3397	2.69
3	16	6564	2.69
3	16	22131	2.69
3	16	6564	2.69
3	16	19207	2.11
3	16	6564	2.14
3	16	3397	2.43
3	16	6564	2.47
3	16	3397	2.48
3	16	3397	2.52
3	16	11494	2.48
3	16	19207	2.50
3	16	22131	2.60
3	16	19207	2.59
3	16	22131	2.62
3	16	6564	2.62
3	16	22131	2.62
3	17	34722	6.50
3	17	10334	8.33
3	17	57692	8.57
3	17	57692	8.65
3	17	19987	8.66
3	17	19987	8.80
3	17	66608	8.84
3	17	34722	8.88
3	17	66608	8.88
3	17	57692	8.88
3	17	66608	8.89
3	17	10334	8.97
3	17	19987	9.06
3	17	10334	9.06
3	17	57692	8.14
3	17	34722	6.65
3	17	10334	7.41
3	17	19987	7.61
3	17	66608	7.79
3	17	19987	8.40
3	17	66608	8.50
3	17	66608	8.41
3	17	19987	8.65
3	17	10334	8.62
3	17	10334	8.63
3	17	57692	8.63
3	17	57692	8.63
3	18	31492	24.32
3	18	31492	25.42
3	18	60460	28.64
3	18	173884	28.99
3	18	60460	29.03
3	18	173884	29.08
3	18	105424	29.08
3	18	200568	29.20
3	18	105424	29.24
3	18	60460	29.66
3	18	200568	30.10
3	18	173884	30.14
3	18	31492	30.14
3	18	200568	30.14
3	18	60460	22.13
3	18	200568	22.19
3	18	173884	28.06
3	18	31492	28.52
3	18	173884	24.85
3	18	200568	26.57
3	18	60460	26.80
3	18	31492	27.96
3	18	105424	27.21
3	18	200568	28.58
3	18	173884	27.62
3	18	60460	28.98
3	18	31492	29.19
3	19	602378	85.13
3	19	602378	92.81
3	19	317012	96.47
3	19	521900	96.47
3	19	94922	97.08
3	19	521900	98.14
3	19	317012	98.19
3	19	521900	98.19
3	19	182293	98.19
3	19	602378	98.91
3	19	182293	99.54
3	19	94922	99.54
3	19	94922	99.54
3	19	182293	99.54
3	19	521900	91.81
3	19	182293	81.96
3	19	94922	89.01
3	19	602378	83.64
3	19	602378	85.21
3	19	182293	87.55
3	19	317012	88.90
3	19	182293	91.00
3	19	521900	90.93
3	19	602378	95.20
3	19	94922	94.13
3	19	521900	93.70
3	19	94922	97.07
3	20	1568292	300.61
3	20	548516	313.14
3	20	1568292	315.89
3	20	286407	319.11
3	20	548516	319.11
3	20	954936	320.00
3	20	1809501	322.13
3	20	548516	322.55
3	20	286407	323.55
3	20	954936	323.55
3	20	1568292	323.55
3	20	1809501	323.55
3	20	286407	324.12
3	20	1809501	324.12
3	20	1568292	286.46
3	20	286407	286.79
3	20	1809501	303.03
3	20	1809501	298.78
3	20	548516	301.47
3	20	1568292	301.47
3	20	548516	306.38
3	20	548516	307.74
3	20	286407	305.23
3	20	954936	304.65
3	20	286407	311.63
3	20	1568292	309.49
3	20	1809501	311.06
5	2	0	0.01
5	2	0	0.01
5	2	0	0.01
5	2	0	0.01
5	2	0	0.01
5	2	0	0.01
5	2	0	0.01
5	2	0	0.02
5	2	0	0.02
5	2	0	0.01
5	2	0	0.02
5	2	0	0.02
5	2	0	0.02
5	2	0	0.02
5	2	0	0.01
5	2	0	0.01
5	2	0	0.01
5	2	0	0.01
5	2	0	0.01
5	2	0	0.00
5	2	0	0.01
5	2	0	0.01
5	2	0	0.01
5	2	0	0.01
5	2	0	0.01
5	3	0	0.00
5	3	0	0.01
5	3	0	0.01
5	3	0	0.01
5	3	0	0.00
5	3	0	0.01
5	3	0	0.01
5	3	0	0.01
5	3	0	0.01
5	3	0	0.01
5	3	0	0.01
5	3	0	0.00
5	3	0	0.00
5	3	0	0.01
5	3	0	0.01
5	3	0	0.01
5	3	0	0.01
5	3	0	0.01
5	3	0	0.00
5	3	0	0.00
5	3	0	0.01
5	3	0	0.01
5	3	0	0.01
5	3	0	0.00
5	3	0	0.00
5	4	0	0.00
5	4	0	0.01
5	4	0	0.01
5	4	0	0.01
5	4	0	0.00
5	4	0	0.01
5	4	0	0.01
5	4	0	0.00
5	4	0	0.00
5	4	0	0.01
5	4	0	0.01
5	4	0	0.00
5	4	0	0.01
5	4	0	0.00
5	4	0	0.00
5	4	0	0.00
5	4	0	0.01
5	4	0	0.01
5	4	0	0.01
5	4	0	0.00
5	4	0	0.00
5	4	0	0.00
5	4	0	0.00
5	4	0	0.00
5	4	0	0.00
5	5	0	0.00
5	5	0	0.00
5	5	0	0.01
5	5	0	0.01
5	5	0	0.00
5	5	0	0.01
5	5	0	0.00
5	5	0	0.01
5	5	0	0.01
5	5	0	0.01
5	5	0	0.01
5	5	0	0.01
5	5	0	0.00
5	5	0	0.01
5	5	0	0.01
5	5	0	0.00
5	5	0	0.01
5	5	0	0.01
5	5	0	0.00
5	5	0	0.00
5	5	0	0.01
5	5	0	0.01
5	5	0	0.00
5	5	0	0.00
5	5	0	0.01
5	6	0	0.01
5	6	0	0.01
5	6	0	0.01
5	6	0	0.01
5	6	0	0.01
5	6	0	0.01
5	6	0	0.01
5	6	0	0.01
5	6	0	0.00
5	6	0	0.01
5	6	0	0.01
5	6	0	0.00
5	6	0	0.00
5	6	0	0.00
5	6	0	0.01
5	6	0	0.01
5	6	0	0.01
5	6	0	0.00
5	6	0	0.01
5	6	0	0.00
5	6	0	0.00
5	6	0	0.01
5	6	0	0.00
5	6	0	0.00
5	6	0	0.00
5	7	0	0.00
5	7	0	0.01
5	7	0	0.01
5	7	0	0.01
5	7	0	0.00
5	7	0	0.01
5	7	0	0.01
5	7	0	0.01
5	7	0	0.01
5	7	0	0.01
5	7	0	0.01
5	7	0	0.01
5	7	0	0.01
5	7	0	0.01
5	7	0	0.01
5	7	0	0.01
5	7	0	0.01
5	7	0	0.01
5	7	0	0.00
5	7	0	0.01
5	7	0	0.01
5	7	0	0.01
5	7	0	0.01
5	7	0	0.01
5	7	0	0.00
5	8	4	0.01
5	8	16	0.01
5	8	4	0.01
5	8	16	0.01
5	8	4	0.01
5	8	4	0.01
5	8	4	0.01
5	8	4	0.01
5	8	4	0.02
5	8	4	0.01
5	8	4	0.01
5	8	16	0.01
5	8	4	0.01
5	8	4	0.01
5	8	4	0.01
5	8	4	0.01
5	8	4	0.01
5	8	4	0.01
5	8	16	0.01
5	8	4	0.01
5	8	4	0.01
5	8	4	0.01
5	8	4	0.01
5	8	16	0.01
5	8	4	0.01
5	9	80	0.03
5	9	22	0.05
5	9	22	0.05
5	9	22	0.05
5	9	22	0.05
5	9	22	0.04
5	9	22	0.04
5	9	22	0.05
5	9	22	0.05
5	9	80	0.05
5	9	22	0.05
5	9	22	0.05
5	9	80	0.05
5	9	22	0.05
5	9	22	0.03
5	9	22	0.04
5	9	80	0.03
5	9	22	0.03
5	9	80	0.03
5	9	22	0.04
5	9	22	0.04
5	9	22	0.05
5	9	22	0.05
5	9	22	0.05
5	9	22	0.05
5	10	133	0.17
5	10	496	0.22
5	10	133	0.26
5	10	133	0.26
5	10	496	0.26
5	10	133	0.26
5	10	496	0.26
5	10	133	0.27
5	10	133	0.26
5	10	133	0.27
5	10	133	0.27
5	10	133	0.26
5	10	133	0.27
5	10	133	0.28
5	10	133	0.21
5	10	496	0.17
5	10	133	0.17
5	10	133	0.17
5	10	496	0.17
5	10	133	0.24
5	10	133	0.22
5	10	133	0.22
5	10	133	0.24
5	10	133	0.24
5	10	133	0.24
5	11	679	0.97
5	11	679	1.37
5	11	679	1.47
5	11	679	1.48
5	11	679	1.47
5	11	679	1.49
5	11	2512	1.49
5	11	2512	1.50
5	11	679	1.50
5	11	2512	1.50
5	11	679	1.50
5	11	679	1.52
5	11	679	1.51
5	11	679	1.54
5	11	679	1.26
5	11	679	1.03
5	11	2512	0.94
5	11	679	0.97
5	11	679	1.01
5	11	679	1.00
5	11	679	1.22
5	11	2512	1.27
5	11	679	1.32
5	11	679	1.32
5	11	679	1.33
5	12	3588	7.67
5	12	3588	7.76
5	12	13128	7.96
5	12	3588	8.15
5	12	13128	8.18
5	12	3588	8.18
5	12	3588	8.57
5	12	3588	8.57
5	12	3588	8.57
5	12	13128	8.57
5	12	3588	8.64
5	12	3588	8.64
5	12	3588	8.66
5	12	3588	8.66
5	12	13128	5.51
5	12	3588	5.83
5	12	3588	5.83
5	12	13128	5.47
5	12	3588	7.69
5	12	3588	7.68
5	12	3588	7.48
5	12	3588	7.47
5	12	3588	7.47
5	12	3588	7.50
5	12	3588	7.50
5	13	18073	37.55
5	13	65820	39.51
5	13	18073	42.94
5	13	18073	45.29
5	13	18073	46.22
5	13	18073	46.22
5	13	65820	46.88
5	13	65820	47.78
5	13	18073	48.65
5	13	18073	48.65
5	13	18073	48.67
5	13	18073	48.96
5	13	18073	48.96
5	13	18073	50.53
5	13	18073	34.35
5	13	18073	35.25
5	13	65820	35.25
5	13	18073	42.66
5	13	18073	35.83
5	13	18073	35.00
5	13	18073	46.08
5	13	18073	45.27
5	13	18073	39.86
5	13	65820	40.27
5	13	18073	42.42
5	14	91354	242.91
5	14	91354	244.55
5	14	332076	254.21
5	14	91354	254.52
5	14	91354	254.77
5	14	332076	259.58
5	14	332076	265.42
5	14	91354	265.42
5	14	91354	265.42
5	14	91354	265.64
5	14	91354	266.10
5	14	91354	266.10
5	14	91354	267.12
5	14	91354	267.12
5	14	91354	214.38
5	14	332076	210.40
5	14	91354	211.03
5	14	91354	204.01
5	14	91354	230.53
5	14	91354	210.59
5	14	91354	212.00
5	14	91354	225.17
5	14	91354	233.59
5	14	332076	236.17
5	14	91354	236.66
5	15	1661272	1339.93
5	15	457396	1413.45
5	15	457396	1418.79
5	15	457396	1423.07
5	15	457396	1423.52
5	15	457396	1423.52
5	15	1661272	1446.28
5	15	1661272	1463.09
5	15	457396	1463.09
5	15	457396	1464.02
5	15	457396	1464.02
5	15	457396	1489.28
5	15	457396	1489.28
5	15	457396	1489.28
5	15	457396	1192.76
5	15	457396	1209.64
5	15	457396	1194.73
5	15	1661272	1238.17
5	15	457396	1267.45
5	15	457396	1281.42
5	15	457396	1290.60
5	15	457396	1248.90
5	15	457396	1256.86
5	15	457396	1287.70
5	15	1661272	1274.97
10	2	0	0.00
10	2	0	0.00
10	2	0	0.01
10	2	0	0.01
10	2	0	0.01
10	2	0	0.00
10	2	0	0.01
10	2	0	0.01
10	2	0	0.01
10	2	0	0.01
10	2	0	0.01
10	2	0	0.01
10	2	0	0.01
10	2	0	0.01
10	2	0	0.00
10	2	0	0.00
10	2	0	0.00
10	2	0	0.01
10	2	0	0.01
10	2	0	0.00
10	2	0	0.01
10	2	0	0.01
10	2	0	0.01
10	2	0	0.01
10	2	0	0.01
10	2	0	0.00
10	2	0	0.01
10	2	0	0.01
10	2	0	0.01
10	2	0	0.01
10	2	0	0.01
10	2	0	0.01
10	2	0	0.00
10	2	0	0.00
10	2	0	0.00
10	2	0	0.00
10	2	0	0.01
10	2	0	0.00
10	2	0	0.01
10	2	0	0.00
10	2	0	0.01
10	2	0	0.01
10	2	0	0.01
10	2	0	0.01
10	2	0	0.00
10	2	0	0.01
10	2	0	0.01
10	2	0	0.01
10	2	0	0.00
10	2	0	0.01
10	2	0	0.01
10	2	0	0.01
10	2	0	0.01
10	2	0	0.01
10	2	0	0.01
10	2	0	0.01
10	2	0	0.01
10	2	0	0.01
10	2	0	0.01
10	2	0	0.01
10	2	0	0.01
10	2	0	0.01
10	2	0	0.01
10	2	0	0.01
10	2	0	0.00
10	2	0	0.00
10	2	0	0.00
10	2	0	0.00
10	2	0	0.01
10	2	0	0.00
10	2	0	0.01
10	2	0	0.01
10	2	0	0.00
10	2	0	0.01
10	2	0	0.01
10	2	0	0.01
10	2	0	0.01
10	2	0	0.01
10	2	0	0.01
10	2	0	0.01
10	2	0	0.01
10	2	0	0.01
10	2	0	0.01
10	2	0	0.00
10	2	0	0.01
10	2	0	0.01
10	2	0	0.01
10	2	0	0.01
10	2	0	0.01
10	2	0	0.01
10	2	0	0.01
10	2	0	0.00
10	2	0	0.01
10	2	0	0.00
10	2	0	0.00
10	2	0	0.01
10	2	0	0.00
10	2	0	0.00
10	2	0	0.00
10	2	0	0.00
10	3	0	0.00
10	3	0	0.01
10	3	0	0.00
10	3	0	0.00
10	3	0	0.01
10	3	0	0.01
10	3	0	0.01
10	3	0	0.01
10	3	0	0.01
10	3	0	0.01
10	3	0	0.01
10	3	0	0.01
10	3	0	0.01
10	3	0	0.01
10	3	0	0.00
10	3	0	0.00
10	3	0	0.01
10	3	0	0.01
10	3	0	0.00
10	3	0	0.01
10	3	0	0.01
10	3	0	0.00
10	3	0	0.01
10	3	0	0.01
10	3	0	0.00
10	3	0	0.00
10	3	0	0.00
10	3	0	0.01
10	3	0	0.00
10	3	0	0.00
10	3	0	0.01
10	3	0	0.00
10	3	0	0.01
10	3	0	0.01
10	3	0	0.01
10	3	0	0.00
10	3	0	0.00
10	3	0	0.00
10	3	0	0.01
10	3	0	0.01
10	3	0	0.00
10	3	0	0.00
10	3	0	0.00
10	3	0	0.00
10	3	0	0.01
10	3	0	0.01
10	3	0	0.01
10	3	0	0.00
10	3	0	0.00
10	3	0	0.00
10	3	0	0.00
10	3	0	0.01
10	3	0	0.01
10	3	0	0.01
10	3	0	0.01
10	3	0	0.01
10	3	0	0.01
10	3	0	0.01
10	3	0	0.01
10	3	0	0.00
10	3	0	0.00
10	3	0	0.00
10	3	0	0.00
10	3	0	0.00
10	3	0	0.00
10	3	0	0.00
10	3	0	0.01
10	3	0	0.01
10	3	0	0.00
10	3	0	0.01
10	3	0	0.00
10	3	0	0.01
10	3	0	0.01
10	3	0	0.01
10	3	0	0.01
10	3	0	0.01
10	3	0	0.01
10	3	0	0.00
10	3	0	0.00
10	3	0	0.00
10	3	0	0.01
10	3	0	0.01
10	3	0	0.01
10	3	0	0.01
10	3	0	0.01
10	3	0	0.01
10	3	0	0.00
10	3	0	0.00
10	3	0	0.01
10	3	0	0.01
10	3	0	0.00
10	3	0	0.00
10	3	0	0.00
10	3	0	0.00
10	3	0	0.01
10	3	0	0.00
10	3	0	0.00
10	3	0	0.00
10	3	0	0.00
10	3	0	0.01
10	4	0	0.00
10	4	0	0.00
10	4	0	0.00
10	4	0	0.00
10	4	0	0.01
10	4	0	0.00
10	4	0	0.01
10	4	0	0.01
10	4	0	0.01
10	4	0	0.01
10	4	0	0.01
10	4	0	0.01
10	4	0	0.01
10	4	0	0.01
10	4	0	0.01
10	4	0	0.01
10	4	0	0.01
10	4	0	0.01
10	4	0	0.01
10	4	0	0.01
10	4	0	0.01
10	4	0	0.01
10	4	0	0.00
10	4	0	0.00
10	4	0	0.01
10	4	0	0.00
10	4	0	0.00
10	4	0	0.00
10	4	0	0.01
10	4	0	0.01
10	4	0	0.01
10	4	0	0.01
10	4	0	0.01
10	4	0	0.01
10	4	0	0.01
10	4	0	0.01
10	4	0	0.01
10	4	0	0.00
10	4	0	0.01
10	4	0	0.01
10	4	0	0.01
10	4	0	0.01
10	4	0	0.01
10	4	0	0.01
10	4	0	0.00
10	4	0	0.01
10	4	0	0.01
10	4	0	0.01
10	4	0	0.00
10	4	0	0.01
10	4	0	0.01
10	4	0	0.01
10	4	0	0.01
10	4	0	0.01
10	4	0	0.02
10	4	0	0.01
10	4	0	0.00
10	4	0	0.00
10	4	0	0.01
10	4	0	0.01
10	4	0	0.01
10	4	0	0.01
10	4	0	0.01
10	4	0	0.01
10	4	0	0.01
10	4	0	0.01
10	4	0	0.01
10	4	0	0.01
10	4	0	0.01
10	4	0	0.00
10	4	0	0.01
10	4	0	0.01
10	4	0	0.00
10	4	0	0.01
10	4	0	0.00
10	4	0	0.01
10	4	0	0.01
10	4	0	0.01
10	4	0	0.01
10	4	0	0.01
10	4	0	0.01
10	4	0	0.00
10	4	0	0.00
10	4	0	0.00
10	4	0	0.00
10	4	0	0.01
10	4	0	0.01
10	4	0	0.01
10	4	0	0.01
10	4	0	0.01
10	4	0	0.01
10	4	0	0.00
10	4	0	0.01
10	4	0	0.00
10	4	0	0.00
10	4	0	0.01
10	4	0	0.00
10	4	0	0.00
10	4	0	0.00
10	4	0	0.00
10	5	0	0.01
10	5	0	0.00
10	5	0	0.01
10	5	0	0.01
10	5	0	0.01
10	5	0	0.00
10	5	0	0.01
10	5	0	0.01
10	5	0	0.01
10	5	0	0.00
10	5	0	0.01
10	5	0	0.01
10	5	0	0.00
10	5	0	0.00
10	5	0	0.00
10	5	0	0.01
10	5	0	0.01
10	5	0	0.00
10	5	0	0.00
10	5	0	0.00
10	5	0	0.01
10	5	0	0.00
10	5	0	0.01
10	5	0	0.00
10	5	0	0.01
10	5	0	0.00
10	5	0	0.01
10	5	0	0.01
10	5	0	0.01
10	5	0	0.00
10	5	0	0.01
10	5	0	0.01
10	5	0	0.01
10	5	0	0.00
10	5	0	0.01
10	5	0	0.01
10	5	0	0.00
10	5	0	0.00
10	5	0	0.01
10	5	0	0.01
10	5	0	0.01
10	5	0	0.00
10	5	0	0.01
10	5	0	0.01
10	5	0	0.00
10	5	0	0.01
10	5	0	0.01
10	5	0	0.00
10	5	0	0.00
10	5	0	0.00
10	5	0	0.00
10	5	0	0.01
10	5	0	0.00
10	5	0	0.01
10	5	0	0.01
10	5	0	0.00
10	5	0	0.00
10	5	0	0.00
10	5	0	0.01
10	5	0	0.00
10	5	0	0.00
10	5	0	0.00
10	5	0	0.00
10	5	0	0.00
10	5	0	0.00
10	5	0	0.00
10	5	0	0.00
10	5	0	0.00
10	5	0	0.01
10	5	0	0.01
10	5	0	0.01
10	5	0	0.00
10	5	0	0.01
10	5	0	0.01
10	5	0	0.00
10	5	0	0.01
10	5	0	0.00
10	5	0	0.00
10	5	0	0.01
10	5	0	0.00
10	5	0	0.00
10	5	0	0.01
10	5	0	0.00
10	5	0	0.01
10	5	0	0.00
10	5	0	0.01
10	5	0	0.01
10	5	0	0.01
10	5	0	0.01
10	5	0	0.00
10	5	0	0.01
10	5	0	0.00
10	5	0	0.01
10	5	0	0.01
10	5	0	0.00
10	5	0	0.01
10	5	0	0.01
10	5	0	0.01
10	5	0	0.00
10	5	0	0.00
10	6	0	0.00
10	6	0	0.01
10	6	0	0.01
10	6	0	0.01
10	6	0	0.01
10	6	0	0.01
10	6	0	0.01
10	6	0	0.01
10	6	0	0.01
10	6	0	0.01
10	6	0	0.01
10	6	0	0.01
10	6	0	0.01
10	6	0	0.01
10	6	0	0.01
10	6	0	0.01
10	6	0	0.01
10	6	0	0.00
10	6	0	0.00
10	6	0	0.01
10	6	0	0.01
10	6	0	0.01
10	6	0	0.01
10	6	0	0.01
10	6	0	0.01
10	6	0	0.00
10	6	0	0.01
10	6	0	0.01
10	6	0	0.01
10	6	0	0.01
10	6	0	0.01
10	6	0	0.00
10	6	0	0.01
10	6	0	0.01
10	6	0	0.01
10	6	0	0.00
10	6	0	0.01
10	6	0	0.01
10	6	0	0.01
10	6	0	0.01
10	6	0	0.01
10	6	0	0.01
10	6	0	0.01
10	6	0	0.01
10	6	0	0.01
10	6	0	0.00
10	6	0	0.01
10	6	0	0.01
10	6	0	0.01
10	6	0	0.01
10	6	0	0.01
10	6	0	0.01
10	6	0	0.01
10	6	0	0.01
10	6	0	0.01
10	6	0	0.01
10	6	0	0.01
10	6	0	0.01
10	6	0	0.01
10	6	0	0.00
10	6	0	0.01
10	6	0	0.01
10	6	0	0.01
10	6	0	0.00
10	6	0	0.01
10	6	0	0.01
10	6	0	0.00
10	6	0	0.01
10	6	0	0.01
10	6	0	0.01
10	6	0	0.01
10	6	0	0.01
10	6	0	0.01
10	6	0	0.01
10	6	0	0.01
10	6	0	0.01
10	6	0	0.01
10	6	0	0.01
10	6	0	0.01
10	6	0	0.01
10	6	0	0.00
10	6	0	0.01
10	6	0	0.01
10	6	0	0.00
10	6	0	0.01
10	6	0	0.00
10	6	0	0.00
10	6	0	0.00
10	6	0	0.01
10	6	0	0.01
10	6	0	0.01
10	6	0	0.01
10	6	0	0.01
10	6	0	0.01
10	6	0	0.01
10	6	0	0.01
10	6	0	0.01
10	6	0	0.00
10	6	0	0.01
10	6	0	0.00
10	7	0	0.03
10	7	0	0.03
10	7	0	0.04
10	7	0	0.04
10	7	0	0.04
10	7	0	0.04
10	7	0	0.04
10	7	0	0.04
10	7	0	0.04
10	7	0	0.04
10	7	0	0.04
10	7	0	0.04
10	7	0	0.04
10	7	0	0.04
10	7	0	0.04
10	7	0	0.04
10	7	0	0.03
10	7	0	0.04
10	7	0	0.04
10	7	0	0.03
10	7	0	0.04
10	7	0	0.04
10	7	0	0.04
10	7	0	0.04
10	7	0	0.04
10	7	0	0.04
10	7	0	0.04
10	7	0	0.04
10	7	0	0.04
10	7	0	0.04
10	7	0	0.03
10	7	0	0.04
10	7	0	0.03
10	7	0	0.04
10	7	0	0.04
10	7	0	0.04
10	7	0	0.03
10	7	0	0.04
10	7	0	0.04
10	7	0	0.04
10	7	0	0.04
10	7	0	0.04
10	7	0	0.04
10	7	0	0.04
10	7	0	0.04
10	7	0	0.03
10	7	0	0.04
10	7	0	0.04
10	7	0	0.04
10	7	0	0.04
10	7	0	0.04
10	7	0	0.04
10	7	0	0.04
10	7	0	0.04
10	7	0	0.04
10	7	0	0.04
10	7	0	0.03
10	7	0	0.03
10	7	0	0.03
10	7	0	0.04
10	7	0	0.03
10	7	0	0.04
10	7	0	0.04
10	7	0	0.04
10	7	0	0.03
10	7	0	0.04
10	7	0	0.04
10	7	0	0.04
10	7	0	0.04
10	7	0	0.04
10	7	0	0.04
10	7	0	0.04
10	7	0	0.03
10	7	0	0.04
10	7	0	0.04
10	7	0	0.03
10	7	0	0.04
10	7	0	0.04
10	7	0	0.03
10	7	0	0.04
10	7	0	0.04
10	7	0	0.03
10	7	0	0.04
10	7	0	0.04
10	7	0	0.04
10	7	0	0.03
10	7	0	0.03
10	7	0	0.04
10	7	0	0.04
10	7	0	0.04
10	7	0	0.03
10	7	0	0.04
10	7	0	0.02
10	7	0	0.03
10	7	0	0.03
10	7	0	0.02
10	7	0	0.04
10	7	0	0.04
10	7	0	0.04
10	7	0	0.04
10	8	9	0.26
10	8	9	0.40
10	8	81	0.44
10	8	9	0.44
10	8	9	0.45
10	8	9	0.45
10	8	9	0.45
10	8	81	0.44
10	8	9	0.45
10	8	9	0.45
10	8	9	0.45
10	8	9	0.45
10	8	9	0.45
10	8	9	0.45
10	8	9	0.32
10	8	9	0.31
10	8	9	0.28
10	8	81	0.43
10	8	9	0.45
10	8	9	0.45
10	8	9	0.45
10	8	9	0.45
10	8	9	0.44
10	8	9	0.45
10	8	9	0.46
10	8	9	0.44
10	8	9	0.45
10	8	9	0.45
10	8	9	0.45
10	8	9	0.32
10	8	9	0.34
10	8	9	0.26
10	8	81	0.31
10	8	9	0.38
10	8	9	0.45
10	8	9	0.45
10	8	9	0.45
10	8	9	0.45
10	8	9	0.45
10	8	9	0.47
10	8	9	0.46
10	8	9	0.46
10	8	9	0.43
10	8	9	0.26
10	8	9	0.46
10	8	9	0.32
10	8	81	0.44
10	8	9	0.33
10	8	9	0.35
10	8	9	0.46
10	8	9	0.43
10	8	9	0.45
10	8	9	0.46
10	8	9	0.46
10	8	81	0.43
10	8	9	0.45
10	8	9	0.38
10	8	9	0.42
10	8	9	0.44
10	8	9	0.45
10	8	9	0.45
10	8	9	0.40
10	8	9	0.48
10	8	9	0.44
10	8	9	0.44
10	8	9	0.52
10	8	9	0.45
10	8	81	0.45
10	8	9	0.55
10	8	9	0.37
10	8	9	0.46
10	8	9	0.37
10	8	9	0.35
10	8	9	0.42
10	8	9	0.34
10	8	9	0.40
10	8	9	0.29
10	8	9	0.26
10	8	9	0.43
10	8	81	0.45
10	8	9	0.45
10	8	9	0.45
10	8	9	0.45
10	8	9	0.45
10	8	9	0.46
10	8	9	0.46
10	8	9	0.46
10	8	9	0.45
10	8	81	0.43
10	8	9	0.33
10	8	9	0.45
10	8	81	0.25
10	8	9	0.26
10	8	9	0.27
10	8	9	0.44
10	8	9	0.32
10	8	9	0.35
10	8	9	0.33
10	8	9	0.37
10	8	9	0.37
10	9	92	3.76
10	9	92	3.77
10	9	92	3.94
10	9	92	4.06
10	9	92	5.01
10	9	92	5.10
10	9	92	5.16
10	9	92	5.19
10	9	92	5.20
10	9	810	5.20
10	9	92	5.21
10	9	810	5.27
10	9	92	5.27
10	9	92	5.32
10	9	92	4.24
10	9	810	2.99
10	9	92	4.30
10	9	92	3.62
10	9	92	5.15
10	9	92	4.89
10	9	92	4.29
10	9	92	4.33
10	9	92	4.99
10	9	92	5.03
10	9	92	5.15
10	9	92	5.16
10	9	92	5.14
10	9	92	5.21
10	9	92	3.47
10	9	92	5.17
10	9	92	5.01
10	9	92	3.79
10	9	92	5.06
10	9	92	4.50
10	9	810	4.81
10	9	92	5.13
10	9	92	4.99
10	9	92	5.16
10	9	92	4.89
10	9	92	5.13
10	9	92	5.26
10	9	92	5.21
10	9	92	3.68
10	9	92	4.14
10	9	92	3.80
10	9	92	4.75
10	9	92	4.91
10	9	810	5.10
10	9	92	5.10
10	9	810	3.26
10	9	92	5.11
10	9	92	4.50
10	9	92	5.12
10	9	92	4.98
10	9	92	5.12
10	9	92	4.98
10	9	92	3.85
10	9	92	5.01
10	9	92	5.29
10	9	92	4.94
10	9	92	4.61
10	9	92	5.22
10	9	92	5.33
10	9	92	3.62
10	9	810	3.98
10	9	92	3.76
10	9	92	5.28
10	9	92	5.16
10	9	92	3.91
10	9	92	5.30
10	9	92	4.49
10	9	810	3.44
10	9	92	5.13
10	9	92	4.83
10	9	92	5.12
10	9	92	4.85
10	9	92	5.11
10	9	92	4.64
10	9	92	5.19
10	9	92	4.43
10	9	92	5.03
10	9	92	5.07
10	9	92	5.16
10	9	92	3.27
10	9	810	3.56
10	9	92	5.29
10	9	92	4.17
10	9	92	4.95
10	9	92	4.63
10	9	92	4.64
10	9	92	4.39
10	9	92	3.90
10	9	92	4.16
10	9	92	4.72
10	9	92	3.01
10	9	92	4.35
10	9	92	4.53
10	9	92	4.50
10	9	810	3.68
10	9	92	3.77
10	10	1018	43.49
10	10	1018	44.97
10	10	1018	53.54
10	10	8991	55.41
10	10	1018	56.26
10	10	8991	57.11
10	10	1018	58.76
10	10	1018	58.76
10	10	1018	58.76
10	10	1018	59.13
10	10	1018	59.14
10	10	1018	59.45
10	10	1018	59.96
10	10	1018	59.99
10	10	1018	44.74
10	10	1018	43.45
10	10	1018	52.18
10	10	1018	50.03
10	10	1018	56.14
10	10	1018	57.31
10	10	1018	55.61
10	10	1018	58.23
10	10	1018	56.07
10	10	1018	56.45
10	10	1018	57.61
10	10	1018	58.14
10	10	8991	59.63
10	10	1018	59.63
10	10	1018	52.01
10	10	1018	53.00
10	10	1018	46.15
10	10	1018	52.36
10	10	1018	48.66
10	10	8991	54.37
10	10	1018	49.90
10	10	1018	59.47
10	10	1018	59.44
10	10	1018	56.44
10	10	1018	55.09
10	10	1018	59.67
10	10	1018	59.02
10	10	1018	59.03
10	10	1018	51.46
10	10	1018	59.92
10	10	1018	44.76
10	10	1018	40.41
10	10	8991	53.29
10	10	1018	56.81
10	10	8991	47.48
10	10	1018	59.00
10	10	1018	56.38
10	10	1018	58.68
10	10	1018	59.16
10	10	1018	58.18
10	10	1018	54.55
10	10	1018	60.55
10	10	1018	53.69
10	10	1018	51.56
10	10	1018	60.88
10	10	1018	58.26
10	10	1018	55.11
10	10	1018	45.66
10	10	1018	58.51
10	10	1018	52.33
10	10	1018	53.94
10	10	8991	53.43
10	10	1018	57.72
10	10	1018	39.25
10	10	1018	56.19
10	10	1018	59.11
10	10	1018	60.88
10	10	1018	47.07
10	10	1018	51.62
10	10	1018	59.36
10	10	1018	55.24
10	10	1018	57.89
10	10	1018	52.70
10	10	1018	47.40
10	10	1018	54.30
10	10	8991	56.56
10	10	1018	54.97
10	10	1018	59.09
10	10	1018	52.00
10	10	1018	60.06
10	10	1018	56.82
10	10	1018	55.46
10	10	1018	54.22
10	10	1018	39.48
10	10	8991	51.68
10	10	1018	59.72
10	10	1018	47.34
10	10	1018	46.75
10	10	1018	57.31
10	10	1018	54.99
10	10	1018	46.82
10	10	1018	59.90
10	10	1018	54.49
10	10	1018	46.28
10	10	1018	45.88
10	10	8991	40.59
10	11	90072	304.36
10	11	10209	358.87
10	11	10209	385.88
10	11	10209	385.88
10	11	10209	386.96
10	11	10209	386.96
10	11	90072	397.63
10	11	10209	397.67
10	11	10209	404.81
10	11	10209	421.68
10	11	10209	421.68
10	11	10209	427.57
10	11	10209	427.57
10	11	10209	427.57
10	11	90072	440.41
10	11	10209	440.41
10	11	10209	446.01
10	11	10209	446.01
10	11	10209	446.01
10	11	10209	447.04
10	11	10209	447.04
10	11	10209	467.15
10	11	10209	467.15
10	11	10209	467.15
10	11	10209	321.98
10	11	10209	442.66
10	11	10209	382.97
10	11	10209	388.48
10	11	10209	334.58
10	11	10209	371.46
10	11	90072	355.05
10	11	10209	391.02
10	11	10209	391.02
10	11	10209	362.99
10	11	10209	447.37
10	11	10209	410.60
10	11	10209	393.06
10	11	10209	411.58
10	11	10209	411.77
10	11	10209	411.77
10	11	10209	390.70
10	11	10209	440.41
10	11	10209	419.84
10	11	10209	467.81
10	11	10209	467.81
10	11	10209	431.73
10	11	90072	463.08
10	11	10209	463.08
10	11	10209	326.59
10	11	10209	315.12
10	11	10209	403.79
10	11	10209	283.90
10	11	10209	381.57
10	11	10209	418.91
10	11	10209	406.02
10	11	10209	378.61
10	11	10209	423.36
10	11	10209	433.79
10	11	90072	433.79
10	11	10209	360.06
10	11	10209	448.15
10	11	10209	362.30
10	11	10209	469.15
10	11	10209	357.63
10	11	10209	416.52
10	11	10209	418.63
10	11	10209	433.69
10	11	90072	421.64
10	11	10209	430.27
10	11	10209	431.04
10	11	10209	443.87
10	11	10209	443.87
10	11	10209	350.87
10	11	10209	291.33
10	11	10209	371.55
10	11	10209	410.26
10	11	10209	381.97
10	11	10209	382.35
10	11	10209	382.35
10	11	10209	438.45
10	11	10209	319.14
10	11	90072	435.97
10	11	10209	480.38
10	11	10209	425.90
10	11	10209	401.85
10	11	90072	384.58
10	11	10209	415.87
10	11	10209	408.90
10	11	10209	437.87
10	11	10209	405.07
10	11	10209	329.39
10	11	10209	308.70
10	11	10209	365.26
10	11	10209	406.24
10	11	10209	381.67
10	11	10209	375.14
10	11	10209	271.77
10	11	10209	306.34
10	11	10209	291.56
10	11	90072	287.73
10	12	103423	4171.17
10	12	910053	4203.42
10	12	103423	4301.72
10	12	103423	4430.14
10	12	103423	4440.76
10	12	103423	4492.85
10	12	103423	4497.21
10	12	103423	4497.22
10	12	103423	4497.22
10	12	103423	4498.79
10	12	910053	4537.98
10	12	103423	4544.93
10	12	103423	4550.29
10	12	103423	4550.30
10	12	103423	4556.40
10	12	103423	4556.40
10	12	103423	4556.40
10	12	103423	4579.14
10	12	103423	4586.47
10	12	910053	4598.04
10	12	103423	4598.04
10	12	103423	4637.70
10	12	103423	4734.64
10	12	103423	4734.64
10	12	910053	3966.36
10	12	103423	4495.04
10	12	103423	4309.43
10	12	103423	4322.84
10	12	103423	4591.15
10	12	103423	4243.33
10	12	103423	4654.83
10	12	103423	4482.93
10	12	103423	4440.51
10	12	103423	4479.35
10	12	103423	4526.60
10	12	103423	4449.89
10	12	103423	4395.59
10	12	103423	4459.00
10	12	103423	4592.67
10	12	103423	4669.06
10	12	103423	4669.06
10	12	910053	4601.98
10	12	103423	4601.99
10	12	103423	4731.72
10	12	103423	4731.72
10	12	103423	4764.04
10	12	103423	4594.47
10	12	103423	4594.47
10	12	103423	4185.72
10	12	103423	4251.99
10	12	103423	4392.15
10	12	103423	4207.34
10	12	103423	4161.39
10	12	910053	4357.88
10	12	103423	4585.70
10	12	103423	4411.36
10	12	103423	4366.35
10	12	103423	4396.27
10	12	103423	4284.23
10	12	103423	4738.85
10	12	103423	4528.20
10	12	103423	4516.38
10	12	103423	4560.41
10	12	103423	4450.85
10	12	103423	4877.43
10	12	103423	4488.75
10	12	103423	4494.68
10	12	910053	4678.71
10	12	103423	4570.32
10	12	103423	4718.55
10	12	103423	4718.70
10	12	103423	4817.78
10	12	103423	3933.35
10	12	103423	4646.84
10	12	103423	4069.48
10	12	103423	4573.06
10	12	103423	4218.74
10	12	103423	4350.95
10	12	103423	4530.68
10	12	103423	4459.91
10	12	103423	4404.95
10	12	103423	4349.84
10	12	103423	4451.59
10	12	103423	4391.98
10	12	910053	4665.29
10	12	103423	4666.09
10	12	103423	4731.49
10	12	910053	4466.51
10	12	103423	4247.04
10	12	103423	4500.75
10	12	103423	4814.85
10	12	103423	4277.87
10	12	103423	4562.07
10	12	103423	4467.72
10	12	103423	4404.38
10	12	103423	4388.79
10	12	103423	3183.89
10	12	103423	3197.18
10	12	103423	3179.01
10	12	910053	3080.28
20	2	0	0.01
20	2	0	0.01
20	2	0	0.00
20	2	0	0.01
20	2	0	0.01
20	2	0	0.01
20	2	0	0.00
20	2	0	0.01
20	2	0	0.00
20	2	0	0.01
20	2	0	0.00
20	2	0	0.00
20	2	0	0.00
20	2	0	0.00
20	2	0	0.01
20	2	0	0.00
20	2	0	0.00
20	2	0	0.00
20	2	0	0.00
20	2	0	0.00
20	3	0	0.00
20	3	0	0.00
20	3	0	0.00
20	3	0	0.01
20	3	0	0.01
20	3	0	0.01
20	3	0	0.01
20	3	0	0.01
20	3	0	0.01
20	3	0	0.01
20	3	0	0.00
20	3	0	0.00
20	3	0	0.00
20	3	0	0.01
20	3	0	0.01
20	3	0	0.00
20	3	0	0.01
20	3	0	0.00
20	3	0	0.01
20	3	0	0.00
20	4	0	0.00
20	4	0	0.01
20	4	0	0.01
20	4	0	0.01
20	4	0	0.01
20	4	0	0.01
20	4	0	0.01
20	4	0	0.01
20	4	0	0.01
20	4	0	0.01
20	4	0	0.01
20	4	0	0.01
20	4	0	0.01
20	4	0	0.00
20	4	0	0.01
20	4	0	0.01
20	4	0	0.00
20	4	0	0.00
20	4	0	0.00
20	4	0	0.00
20	5	0	0.03
20	5	0	0.04
20	5	0	0.04
20	5	0	0.04
20	5	0	0.04
20	5	0	0.04
20	5	0	0.04
20	5	0	0.04
20	5	0	0.04
20	5	0	0.04
20	5	0	0.04
20	5	0	0.05
20	5	0	0.04
20	5	0	0.04
20	5	0	0.02
20	5	0	0.03
20	5	0	0.04
20	5	0	0.04
20	5	0	0.04
20	5	0	0.04
20	6	0	0.77
20	6	0	0.77
20	6	0	0.82
20	6	0	0.91
20	6	0	0.92
20	6	0	0.97
20	6	0	0.96
20	6	0	0.98
20	6	0	0.98
20	6	0	0.99
20	6	0	0.99
20	6	0	1.01
20	6	0	1.01
20	6	0	1.01
20	6	0	0.56
20	6	0	0.59
20	6	0	0.56
20	6	0	0.59
20	6	0	0.60
20	6	0	0.56
20	7	0	19.51
20	7	0	19.55
20	7	0	19.55
20	7	0	21.35
20	7	0	21.92
20	7	0	22.60
20	7	0	22.60
20	7	0	22.60
20	7	0	22.60
20	7	0	22.64
20	7	0	23.16
20	7	0	23.83
20	7	0	23.83
20	7	0	24.12
20	7	0	13.42
20	7	0	13.70
20	7	0	14.13
20	7	0	13.24
20	7	0	12.76
20	7	0	13.71
20	8	722	486.80
20	8	722	491.07
20	8	722	492.98
20	8	722	493.37
20	8	722	503.01
20	8	722	503.01
20	8	722	515.25
20	8	722	519.70
20	8	722	529.85
20	8	722	531.84
20	8	722	531.84
20	8	722	531.84
20	8	722	531.84
20	8	722	537.43
20	8	722	319.40
20	8	722	315.81
20	8	722	324.43
20	8	722	321.43
20	8	722	322.44
20	8	722	340.65
20	9	14478	11365.10
20	9	14478	11392.39
20	9	14478	11443.10
20	9	14478	11486.59
20	9	14478	11491.11
20	9	14478	11491.11
20	9	14478	11756.59
20	9	14478	11759.89
20	9	14478	11759.89
20	9	14478	11759.89
20	9	14478	11759.89
20	9	14478	11759.89
20	9	14478	11867.26
20	9	14478	11867.26
20	9	14478	7247.75
20	9	14478	7207.51
20	9	14478	7285.88
20	9	14478	7265.91
20	9	14478	7575.89
20	9	14478	7777.20
