  2    8.00000
  3    4.95000
  4    3.91111
  5    3.40074
  6    3.10154
  7    2.90616
  8    2.76898
  9    2.66755
 10    2.58958
 11    2.52782
 12    2.47771
 13    2.43625
 14    2.40139
 15    2.37167
 16    2.34604
 17    2.32370
 18    2.30407
 19    2.28668
 20    2.27116
 21    2.25724
 22    2.24467
 23    2.23328
 24    2.22289
 25    2.21339
 26    2.20467
 27    2.19663
 28    2.18920
 29    2.18230
 30    2.17590
 31    2.16992
 32    2.16434
 33    2.15912
 34    2.15421
 35    2.14960
 36    2.14526
 37    2.14116
 38    2.13729
 39    2.13362
 40    2.13014
 41    2.12684
 42    2.12371
 43    2.12072
 44    2.11788
 45    2.11516
 46    2.11257
 47    2.11009
 48    2.10772
 49    2.10545
 50    2.10327
 51    2.10118
 52    2.09918
 53    2.09725
 54    2.09539
 55    2.09361
 56    2.09189
 57    2.09023
 58    2.08863
 59    2.08709
 60    2.08560
 61    2.08416
 62    2.08276
 63    2.08142
 64    2.08011
 65    2.07885
 66    2.07763
 67    2.07644
 68    2.07529
 69    2.07417
 70    2.07309
 71    2.07203
 72    2.07101
 73    2.07002
 74    2.06905
 75    2.06811
 76    2.06720
 77    2.06630
 78    2.06544
 79    2.06459
 80    2.06377
 81    2.06296
 82    2.06218
 83    2.06142
 84    2.06067
 85    2.05995
 86    2.05924
 87    2.05854
 88    2.05786
 89    2.05720
 90    2.05656
 91    2.05592
 92    2.05530
 93    2.05470
 94    2.05411
 95    2.05353
 96    2.05296
 97    2.05241
 98    2.05186
 99    2.05133